funcid,dim,milestone,error
21,30,1,4.210534e+02
21,30,2,3.696045e+02
21,30,3,3.504878e+02
21,30,5,3.161170e+02
21,30,10,2.914134e+02
21,30,20,2.914134e+02
21,30,30,2.914134e+02
21,30,40,2.914134e+02
21,30,50,2.914134e+02
21,30,60,2.914134e+02
21,30,70,2.914134e+02
21,30,80,2.914134e+02
21,30,90,2.914134e+02
21,30,100,2.914134e+02
21,30,1,4.210534e+02
21,30,2,3.696045e+02
21,30,3,3.504878e+02
21,30,5,3.161170e+02
21,30,10,2.914134e+02
21,30,20,2.914134e+02
21,30,30,2.914134e+02
21,30,40,2.914134e+02
21,30,50,2.914134e+02
21,30,60,2.914134e+02
21,30,70,2.914134e+02
21,30,80,2.914134e+02
21,30,90,2.914134e+02
21,30,100,2.914134e+02
21,30,1,4.210534e+02
21,30,2,3.696045e+02
21,30,3,3.504878e+02
21,30,5,3.161170e+02
21,30,10,2.914134e+02
21,30,20,2.914134e+02
21,30,30,2.914134e+02
21,30,40,2.914134e+02
21,30,50,2.914134e+02
21,30,60,2.914134e+02
21,30,70,2.914134e+02
21,30,80,2.914134e+02
21,30,90,2.914134e+02
21,30,100,2.914134e+02
21,30,1,4.210534e+02
21,30,2,3.696045e+02
21,30,3,3.504878e+02
21,30,5,3.161170e+02
21,30,10,2.914134e+02
21,30,20,2.914134e+02
21,30,30,2.914134e+02
21,30,40,2.914134e+02
21,30,50,2.914134e+02
21,30,60,2.914134e+02
21,30,70,2.914134e+02
21,30,80,2.914134e+02
21,30,90,2.914134e+02
21,30,100,2.914134e+02
21,30,1,4.210534e+02
21,30,2,3.696045e+02
21,30,3,3.504878e+02
21,30,5,3.161170e+02
21,30,10,2.914134e+02
21,30,20,2.914134e+02
21,30,30,2.914134e+02
21,30,40,2.914134e+02
21,30,50,2.914134e+02
21,30,60,2.914134e+02
21,30,70,2.914134e+02
21,30,80,2.914134e+02
21,30,90,2.914134e+02
21,30,100,2.914134e+02
21,30,1,4.210534e+02
21,30,2,3.696045e+02
21,30,3,3.504878e+02
21,30,5,3.161170e+02
21,30,10,2.914134e+02
21,30,20,2.914134e+02
21,30,30,2.914134e+02
21,30,40,2.914134e+02
21,30,50,2.914134e+02
21,30,60,2.914134e+02
21,30,70,2.914134e+02
21,30,80,2.914134e+02
21,30,90,2.914134e+02
21,30,100,2.914134e+02
21,30,1,4.210534e+02
21,30,2,3.696045e+02
21,30,3,3.504878e+02
21,30,5,3.161170e+02
21,30,10,2.914134e+02
21,30,20,2.914134e+02
21,30,30,2.914134e+02
21,30,40,2.914134e+02
21,30,50,2.914134e+02
21,30,60,2.914134e+02
21,30,70,2.914134e+02
21,30,80,2.914134e+02
21,30,90,2.914134e+02
21,30,100,2.914134e+02
21,30,1,4.210534e+02
21,30,2,3.696045e+02
21,30,3,3.504878e+02
21,30,5,3.161170e+02
21,30,10,2.914134e+02
21,30,20,2.914134e+02
21,30,30,2.914134e+02
21,30,40,2.914134e+02
21,30,50,2.914134e+02
21,30,60,2.914134e+02
21,30,70,2.914134e+02
21,30,80,2.914134e+02
21,30,90,2.914134e+02
21,30,100,2.914134e+02
21,30,1,4.210534e+02
21,30,2,3.696045e+02
21,30,3,3.504878e+02
21,30,5,3.161170e+02
21,30,10,2.914134e+02
21,30,20,2.852473e+02
21,30,30,2.852473e+02
21,30,40,2.852473e+02
21,30,50,2.852473e+02
21,30,60,2.852473e+02
21,30,70,2.852473e+02
21,30,80,2.852473e+02
21,30,90,2.852473e+02
21,30,100,2.852473e+02
21,30,1,4.210534e+02
21,30,2,3.696045e+02
21,30,3,3.504878e+02
21,30,5,3.161170e+02
21,30,10,2.914134e+02
21,30,20,2.914134e+02
21,30,30,2.914134e+02
21,30,40,2.914134e+02
21,30,50,2.914134e+02
21,30,60,2.914134e+02
21,30,70,2.914134e+02
21,30,80,2.914134e+02
21,30,90,2.914134e+02
21,30,100,2.914134e+02
