funcid,dim,milestone,error
24,10,1,3.959464e+02
24,10,2,3.959464e+02
24,10,3,3.959464e+02
24,10,5,3.959464e+02
24,10,10,3.247579e+02
24,10,20,3.247579e+02
24,10,30,3.247579e+02
24,10,40,3.247579e+02
24,10,50,3.247579e+02
24,10,60,3.247579e+02
24,10,70,3.247579e+02
24,10,80,3.247579e+02
24,10,90,3.247579e+02
24,10,100,3.247579e+02
24,10,1,4.554121e+02
24,10,2,3.831441e+02
24,10,3,3.831441e+02
24,10,5,3.831441e+02
24,10,10,3.831441e+02
24,10,20,3.813419e+02
24,10,30,3.813419e+02
24,10,40,2.330130e+02
24,10,50,2.330130e+02
24,10,60,2.330130e+02
24,10,70,2.330130e+02
24,10,80,2.330130e+02
24,10,90,2.330130e+02
24,10,100,2.330130e+02
24,10,1,4.360182e+02
24,10,2,4.360182e+02
24,10,3,4.360182e+02
24,10,5,4.360182e+02
24,10,10,4.245001e+02
24,10,20,3.190402e+02
24,10,30,3.190402e+02
24,10,40,3.190402e+02
24,10,50,3.096511e+02
24,10,60,2.939254e+02
24,10,70,2.939254e+02
24,10,80,2.939254e+02
24,10,90,2.939254e+02
24,10,100,2.939254e+02
24,10,1,4.352667e+02
24,10,2,4.352667e+02
24,10,3,4.352667e+02
24,10,5,4.316601e+02
24,10,10,4.316601e+02
24,10,20,3.329872e+02
24,10,30,3.252206e+02
24,10,40,3.252206e+02
24,10,50,3.252206e+02
24,10,60,3.252206e+02
24,10,70,3.252206e+02
24,10,80,3.252206e+02
24,10,90,3.252206e+02
24,10,100,3.127511e+02
24,10,1,4.337403e+02
24,10,2,4.337403e+02
24,10,3,4.337403e+02
24,10,5,4.001688e+02
24,10,10,3.352932e+02
24,10,20,3.352932e+02
24,10,30,3.352932e+02
24,10,40,3.352932e+02
24,10,50,3.352932e+02
24,10,60,3.352932e+02
24,10,70,3.352932e+02
24,10,80,3.352932e+02
24,10,90,3.352932e+02
24,10,100,3.352932e+02
24,10,1,3.239890e+02
24,10,2,3.239890e+02
24,10,3,3.239890e+02
24,10,5,3.239890e+02
24,10,10,3.239890e+02
24,10,20,3.239890e+02
24,10,30,3.239890e+02
24,10,40,3.239890e+02
24,10,50,3.239890e+02
24,10,60,3.239890e+02
24,10,70,3.239890e+02
24,10,80,3.239890e+02
24,10,90,3.239890e+02
24,10,100,3.239890e+02
24,10,1,4.228083e+02
24,10,2,2.697748e+02
24,10,3,2.697748e+02
24,10,5,2.697748e+02
24,10,10,2.697748e+02
24,10,20,2.697748e+02
24,10,30,2.697748e+02
24,10,40,2.697748e+02
24,10,50,2.697748e+02
24,10,60,2.697748e+02
24,10,70,2.697748e+02
24,10,80,1.805609e+02
24,10,90,1.805609e+02
24,10,100,1.805609e+02
24,10,1,4.424088e+02
24,10,2,4.153019e+02
24,10,3,4.153019e+02
24,10,5,4.153019e+02
24,10,10,3.196025e+02
24,10,20,3.196025e+02
24,10,30,3.196025e+02
24,10,40,3.196025e+02
24,10,50,3.196025e+02
24,10,60,2.612756e+02
24,10,70,2.612756e+02
24,10,80,2.612756e+02
24,10,90,2.612756e+02
24,10,100,2.612756e+02
24,10,1,3.120365e+02
24,10,2,3.120365e+02
24,10,3,3.120365e+02
24,10,5,3.120365e+02
24,10,10,3.120365e+02
24,10,20,3.120365e+02
24,10,30,3.120365e+02
24,10,40,3.120365e+02
24,10,50,3.120365e+02
24,10,60,3.120365e+02
24,10,70,3.120365e+02
24,10,80,3.120365e+02
24,10,90,3.120365e+02
24,10,100,3.120365e+02
24,10,1,3.391445e+02
24,10,2,3.391445e+02
24,10,3,3.391445e+02
24,10,5,3.391445e+02
24,10,10,3.391445e+02
24,10,20,3.391445e+02
24,10,30,3.066736e+02
24,10,40,3.066736e+02
24,10,50,3.066736e+02
24,10,60,3.066736e+02
24,10,70,3.066736e+02
24,10,80,3.066736e+02
24,10,90,3.066736e+02
24,10,100,3.066736e+02
24,10,1,4.003225e+02
24,10,2,3.856587e+02
24,10,3,3.856587e+02
24,10,5,3.856587e+02
24,10,10,3.856587e+02
24,10,20,2.424953e+02
24,10,30,2.424953e+02
24,10,40,2.286315e+02
24,10,50,2.286315e+02
24,10,60,2.286315e+02
24,10,70,2.286315e+02
24,10,80,2.286315e+02
24,10,90,2.260760e+02
24,10,100,2.260760e+02
24,10,1,3.869539e+02
24,10,2,3.869539e+02
24,10,3,3.610514e+02
24,10,5,3.455122e+02
24,10,10,3.039241e+02
24,10,20,2.385370e+02
24,10,30,2.385370e+02
24,10,40,2.385370e+02
24,10,50,2.385370e+02
24,10,60,1.817634e+02
24,10,70,1.817634e+02
24,10,80,1.817634e+02
24,10,90,1.817634e+02
24,10,100,1.817634e+02
24,10,1,2.632936e+02
24,10,2,2.632936e+02
24,10,3,2.327127e+02
24,10,5,2.327127e+02
24,10,10,2.280765e+02
24,10,20,2.280765e+02
24,10,30,2.280765e+02
24,10,40,2.265128e+02
24,10,50,2.265128e+02
24,10,60,2.265128e+02
24,10,70,2.265128e+02
24,10,80,2.265128e+02
24,10,90,2.265128e+02
24,10,100,2.265128e+02
24,10,1,3.871791e+02
24,10,2,2.559168e+02
24,10,3,2.559168e+02
24,10,5,2.559168e+02
24,10,10,2.559168e+02
24,10,20,2.211888e+02
24,10,30,2.211888e+02
24,10,40,2.211888e+02
24,10,50,2.211888e+02
24,10,60,1.968784e+02
24,10,70,1.968784e+02
24,10,80,1.968784e+02
24,10,90,1.968784e+02
24,10,100,1.968784e+02
24,10,1,4.034762e+02
24,10,2,3.913058e+02
24,10,3,3.566014e+02
24,10,5,3.277816e+02
24,10,10,3.277816e+02
24,10,20,2.104136e+02
24,10,30,2.104136e+02
24,10,40,2.104136e+02
24,10,50,2.104136e+02
24,10,60,2.104136e+02
24,10,70,2.104136e+02
24,10,80,2.104136e+02
24,10,90,2.104136e+02
24,10,100,2.104136e+02
24,10,1,1.893405e+02
24,10,2,1.893405e+02
24,10,3,1.893405e+02
24,10,5,1.893405e+02
24,10,10,1.893405e+02
24,10,20,1.893405e+02
24,10,30,1.893405e+02
24,10,40,1.893405e+02
24,10,50,1.893405e+02
24,10,60,1.893405e+02
24,10,70,1.869541e+02
24,10,80,1.869541e+02
24,10,90,1.869541e+02
24,10,100,1.869541e+02
24,10,1,2.453143e+02
24,10,2,2.453143e+02
24,10,3,2.453143e+02
24,10,5,2.453143e+02
24,10,10,2.453143e+02
24,10,20,2.453143e+02
24,10,30,2.441423e+02
24,10,40,1.881214e+02
24,10,50,1.881214e+02
24,10,60,1.881214e+02
24,10,70,1.881214e+02
24,10,80,1.881214e+02
24,10,90,1.881214e+02
24,10,100,1.881214e+02
24,10,1,3.745080e+02
24,10,2,3.745080e+02
24,10,3,2.523909e+02
24,10,5,2.523909e+02
24,10,10,2.523909e+02
24,10,20,2.523909e+02
24,10,30,2.348637e+02
24,10,40,2.348637e+02
24,10,50,2.348637e+02
24,10,60,2.348637e+02
24,10,70,2.069573e+02
24,10,80,2.069573e+02
24,10,90,2.069573e+02
24,10,100,2.069573e+02
24,10,1,2.643510e+02
24,10,2,2.643510e+02
24,10,3,2.643510e+02
24,10,5,2.450283e+02
24,10,10,2.450283e+02
24,10,20,2.442866e+02
24,10,30,2.236283e+02
24,10,40,2.236283e+02
24,10,50,2.236283e+02
24,10,60,2.236283e+02
24,10,70,2.236283e+02
24,10,80,2.236283e+02
24,10,90,2.236283e+02
24,10,100,2.236283e+02
24,10,1,1.991335e+02
24,10,2,1.991335e+02
24,10,3,1.991335e+02
24,10,5,1.991335e+02
24,10,10,1.991335e+02
24,10,20,1.991335e+02
24,10,30,1.991335e+02
24,10,40,1.991335e+02
24,10,50,1.991335e+02
24,10,60,1.991335e+02
24,10,70,1.991335e+02
24,10,80,1.991335e+02
24,10,90,1.991335e+02
24,10,100,1.991335e+02
24,10,1,4.360992e+02
24,10,2,4.132768e+02
24,10,3,3.159034e+02
24,10,5,3.159034e+02
24,10,10,2.303210e+02
24,10,20,2.303210e+02
24,10,30,2.303210e+02
24,10,40,2.303210e+02
24,10,50,2.303210e+02
24,10,60,2.303210e+02
24,10,70,2.303210e+02
24,10,80,2.075850e+02
24,10,90,2.075850e+02
24,10,100,2.075850e+02
24,10,1,4.087561e+02
24,10,2,4.087561e+02
24,10,3,4.087561e+02
24,10,5,4.087561e+02
24,10,10,3.972725e+02
24,10,20,2.683186e+02
24,10,30,2.683186e+02
24,10,40,2.683186e+02
24,10,50,2.683186e+02
24,10,60,2.683186e+02
24,10,70,2.683186e+02
24,10,80,2.683186e+02
24,10,90,2.683186e+02
24,10,100,2.683186e+02
24,10,1,4.044800e+02
24,10,2,3.957607e+02
24,10,3,3.957607e+02
24,10,5,2.994843e+02
24,10,10,2.994843e+02
24,10,20,2.337648e+02
24,10,30,2.337648e+02
24,10,40,2.337648e+02
24,10,50,2.337648e+02
24,10,60,2.337648e+02
24,10,70,2.337648e+02
24,10,80,2.337648e+02
24,10,90,2.337648e+02
24,10,100,2.337648e+02
24,10,1,3.935414e+02
24,10,2,3.248538e+02
24,10,3,3.232531e+02
24,10,5,3.232531e+02
24,10,10,3.232531e+02
24,10,20,2.941340e+02
24,10,30,2.941340e+02
24,10,40,2.447276e+02
24,10,50,2.447276e+02
24,10,60,2.447276e+02
24,10,70,2.447276e+02
24,10,80,2.447276e+02
24,10,90,2.447276e+02
24,10,100,2.447276e+02
24,10,1,3.060275e+02
24,10,2,2.710674e+02
24,10,3,2.710674e+02
24,10,5,2.710674e+02
24,10,10,2.577075e+02
24,10,20,2.577075e+02
24,10,30,2.577075e+02
24,10,40,2.216390e+02
24,10,50,2.216390e+02
24,10,60,2.216390e+02
24,10,70,2.216390e+02
24,10,80,2.216390e+02
24,10,90,2.191747e+02
24,10,100,2.191747e+02
24,10,1,4.315303e+02
24,10,2,4.042384e+02
24,10,3,3.943045e+02
24,10,5,3.390325e+02
24,10,10,3.390325e+02
24,10,20,3.154808e+02
24,10,30,2.742351e+02
24,10,40,2.742351e+02
24,10,50,2.742351e+02
24,10,60,2.742351e+02
24,10,70,2.550560e+02
24,10,80,2.550560e+02
24,10,90,2.550560e+02
24,10,100,2.550560e+02
24,10,1,3.618808e+02
24,10,2,3.427862e+02
24,10,3,3.373482e+02
24,10,5,2.478493e+02
24,10,10,2.478493e+02
24,10,20,2.478493e+02
24,10,30,2.478493e+02
24,10,40,2.319044e+02
24,10,50,2.319044e+02
24,10,60,2.319044e+02
24,10,70,2.319044e+02
24,10,80,2.319044e+02
24,10,90,2.319044e+02
24,10,100,2.319044e+02
24,10,1,4.139487e+02
24,10,2,4.139487e+02
24,10,3,3.736142e+02
24,10,5,2.723771e+02
24,10,10,2.723771e+02
24,10,20,2.723771e+02
24,10,30,2.723771e+02
24,10,40,2.723771e+02
24,10,50,2.723771e+02
24,10,60,2.505707e+02
24,10,70,2.505707e+02
24,10,80,2.505707e+02
24,10,90,2.056706e+02
24,10,100,2.056706e+02
24,10,1,4.012465e+02
24,10,2,3.803162e+02
24,10,3,3.803162e+02
24,10,5,3.803162e+02
24,10,10,3.581094e+02
24,10,20,2.825724e+02
24,10,30,2.825724e+02
24,10,40,2.751701e+02
24,10,50,2.751701e+02
24,10,60,2.751701e+02
24,10,70,2.751701e+02
24,10,80,2.751701e+02
24,10,90,2.751701e+02
24,10,100,2.751701e+02
24,10,1,4.111688e+02
24,10,2,4.111688e+02
24,10,3,3.930475e+02
24,10,5,3.930475e+02
24,10,10,3.930475e+02
24,10,20,2.714183e+02
24,10,30,2.714183e+02
24,10,40,2.524177e+02
24,10,50,2.524177e+02
24,10,60,2.524177e+02
24,10,70,2.524177e+02
24,10,80,2.524177e+02
24,10,90,2.524177e+02
24,10,100,2.524177e+02
