funcid,dim,milestone,error
4,30,1,5.793225e+03
4,30,2,5.793225e+03
4,30,3,5.277723e+03
4,30,5,5.277723e+03
4,30,10,5.277723e+03
4,30,20,5.277723e+03
4,30,30,5.277723e+03
4,30,40,5.277723e+03
4,30,50,5.277723e+03
4,30,60,5.277723e+03
4,30,70,5.277723e+03
4,30,80,5.277723e+03
4,30,90,5.277723e+03
4,30,100,5.277723e+03
4,30,1,5.664868e+03
4,30,2,5.664868e+03
4,30,3,5.664868e+03
4,30,5,5.664868e+03
4,30,10,5.664868e+03
4,30,20,5.664868e+03
4,30,30,5.664868e+03
4,30,40,5.664868e+03
4,30,50,5.664868e+03
4,30,60,5.664868e+03
4,30,70,5.664868e+03
4,30,80,5.664868e+03
4,30,90,5.664868e+03
4,30,100,5.664868e+03
4,30,1,2.005777e+03
4,30,2,2.005777e+03
4,30,3,2.005777e+03
4,30,5,2.005777e+03
4,30,10,2.005777e+03
4,30,20,2.005777e+03
4,30,30,2.005777e+03
4,30,40,2.005777e+03
4,30,50,2.005777e+03
4,30,60,2.005777e+03
4,30,70,2.005777e+03
4,30,80,2.005777e+03
4,30,90,2.005777e+03
4,30,100,2.005777e+03
4,30,1,8.126789e+03
4,30,2,6.836156e+03
4,30,3,6.836156e+03
4,30,5,6.836156e+03
4,30,10,6.836156e+03
4,30,20,6.836156e+03
4,30,30,6.836156e+03
4,30,40,6.836156e+03
4,30,50,6.836156e+03
4,30,60,6.836156e+03
4,30,70,6.836156e+03
4,30,80,6.836156e+03
4,30,90,6.836156e+03
4,30,100,6.836156e+03
4,30,1,4.351382e+03
4,30,2,4.351382e+03
4,30,3,3.884758e+03
4,30,5,3.884758e+03
4,30,10,3.884758e+03
4,30,20,3.884758e+03
4,30,30,3.884758e+03
4,30,40,3.884758e+03
4,30,50,3.884758e+03
4,30,60,3.884758e+03
4,30,70,3.884758e+03
4,30,80,3.884758e+03
4,30,90,3.884758e+03
4,30,100,3.884758e+03
4,30,1,4.565260e+03
4,30,2,4.565260e+03
4,30,3,4.565260e+03
4,30,5,4.565260e+03
4,30,10,4.565260e+03
4,30,20,4.565260e+03
4,30,30,4.565260e+03
4,30,40,4.565260e+03
4,30,50,4.565260e+03
4,30,60,4.565260e+03
4,30,70,4.565260e+03
4,30,80,4.402802e+03
4,30,90,4.402802e+03
4,30,100,4.402802e+03
4,30,1,4.402923e+03
4,30,2,4.402923e+03
4,30,3,4.402923e+03
4,30,5,4.402923e+03
4,30,10,4.402923e+03
4,30,20,4.402923e+03
4,30,30,4.402923e+03
4,30,40,4.402923e+03
4,30,50,4.402923e+03
4,30,60,4.402923e+03
4,30,70,4.402923e+03
4,30,80,4.402923e+03
4,30,90,4.402923e+03
4,30,100,4.402923e+03
4,30,1,6.254162e+03
4,30,2,4.254377e+03
4,30,3,4.254377e+03
4,30,5,4.254377e+03
4,30,10,4.254377e+03
4,30,20,4.254377e+03
4,30,30,4.254377e+03
4,30,40,4.254377e+03
4,30,50,4.254377e+03
4,30,60,4.254377e+03
4,30,70,4.254377e+03
4,30,80,4.254377e+03
4,30,90,4.254377e+03
4,30,100,4.254377e+03
4,30,1,2.266674e+03
4,30,2,2.266674e+03
4,30,3,2.266674e+03
4,30,5,2.266674e+03
4,30,10,2.266674e+03
4,30,20,2.266674e+03
4,30,30,2.266674e+03
4,30,40,2.266674e+03
4,30,50,2.266674e+03
4,30,60,2.266674e+03
4,30,70,2.266674e+03
4,30,80,2.266674e+03
4,30,90,2.266674e+03
4,30,100,2.266674e+03
4,30,1,4.497961e+03
4,30,2,4.497961e+03
4,30,3,4.497961e+03
4,30,5,4.497961e+03
4,30,10,4.497961e+03
4,30,20,4.497961e+03
4,30,30,4.497961e+03
4,30,40,4.497961e+03
4,30,50,4.497961e+03
4,30,60,4.497961e+03
4,30,70,4.497961e+03
4,30,80,4.497961e+03
4,30,90,4.497961e+03
4,30,100,4.497961e+03
4,30,1,3.461103e+02
4,30,2,3.461103e+02
4,30,3,3.461103e+02
4,30,5,3.461103e+02
4,30,10,3.461103e+02
4,30,20,3.461103e+02
4,30,30,2.504082e+02
4,30,40,2.504082e+02
4,30,50,2.504082e+02
4,30,60,2.504082e+02
4,30,70,2.504082e+02
4,30,80,2.504082e+02
4,30,90,2.504082e+02
4,30,100,2.504082e+02
4,30,1,3.911177e+02
4,30,2,3.911177e+02
4,30,3,3.382233e+02
4,30,5,3.382233e+02
4,30,10,3.382233e+02
4,30,20,2.606230e+02
4,30,30,2.606230e+02
4,30,40,2.606230e+02
4,30,50,2.606230e+02
4,30,60,2.606230e+02
4,30,70,2.606230e+02
4,30,80,2.606230e+02
4,30,90,2.606230e+02
4,30,100,2.606230e+02
4,30,1,3.685869e+02
4,30,2,3.685869e+02
4,30,3,3.685869e+02
4,30,5,3.685869e+02
4,30,10,3.685869e+02
4,30,20,3.147313e+02
4,30,30,3.147313e+02
4,30,40,3.147313e+02
4,30,50,3.147313e+02
4,30,60,3.147313e+02
4,30,70,3.147313e+02
4,30,80,2.528148e+02
4,30,90,2.528148e+02
4,30,100,2.528148e+02
4,30,1,2.468899e+02
4,30,2,2.468899e+02
4,30,3,2.468899e+02
4,30,5,2.468899e+02
4,30,10,2.468899e+02
4,30,20,2.468899e+02
4,30,30,2.468899e+02
4,30,40,2.468899e+02
4,30,50,2.468899e+02
4,30,60,2.468899e+02
4,30,70,2.468899e+02
4,30,80,2.468899e+02
4,30,90,2.353017e+02
4,30,100,2.215593e+02
4,30,1,2.568911e+02
4,30,2,2.568911e+02
4,30,3,2.568911e+02
4,30,5,2.568911e+02
4,30,10,2.568911e+02
4,30,20,2.568911e+02
4,30,30,2.568911e+02
4,30,40,2.568911e+02
4,30,50,2.568911e+02
4,30,60,2.243523e+02
4,30,70,2.243523e+02
4,30,80,2.243523e+02
4,30,90,2.243523e+02
4,30,100,2.243523e+02
4,30,1,2.672540e+02
4,30,2,2.672540e+02
4,30,3,2.672540e+02
4,30,5,2.672540e+02
4,30,10,2.672540e+02
4,30,20,2.672540e+02
4,30,30,2.672540e+02
4,30,40,2.341056e+02
4,30,50,2.341056e+02
4,30,60,2.341056e+02
4,30,70,2.341056e+02
4,30,80,2.341056e+02
4,30,90,2.341056e+02
4,30,100,2.341056e+02
4,30,1,3.123106e+02
4,30,2,2.735855e+02
4,30,3,2.735855e+02
4,30,5,2.735855e+02
4,30,10,2.735855e+02
4,30,20,2.402925e+02
4,30,30,2.402925e+02
4,30,40,2.402925e+02
4,30,50,2.402925e+02
4,30,60,2.402925e+02
4,30,70,1.981930e+02
4,30,80,1.981930e+02
4,30,90,1.981930e+02
4,30,100,1.981930e+02
4,30,1,4.119239e+02
4,30,2,2.951848e+02
4,30,3,2.951848e+02
4,30,5,2.951848e+02
4,30,10,2.951848e+02
4,30,20,2.951848e+02
4,30,30,2.590491e+02
4,30,40,2.590491e+02
4,30,50,2.590491e+02
4,30,60,2.590491e+02
4,30,70,2.590491e+02
4,30,80,2.590491e+02
4,30,90,2.590491e+02
4,30,100,2.590491e+02
4,30,1,3.886103e+02
4,30,2,3.886103e+02
4,30,3,3.886103e+02
4,30,5,3.886103e+02
4,30,10,3.886103e+02
4,30,20,3.640125e+02
4,30,30,2.857605e+02
4,30,40,2.819869e+02
4,30,50,2.819869e+02
4,30,60,2.819869e+02
4,30,70,2.169246e+02
4,30,80,2.169246e+02
4,30,90,2.169246e+02
4,30,100,2.169246e+02
4,30,1,2.967060e+02
4,30,2,2.967060e+02
4,30,3,2.967060e+02
4,30,5,2.967060e+02
4,30,10,2.967060e+02
4,30,20,2.967060e+02
4,30,30,2.967060e+02
4,30,40,1.927552e+02
4,30,50,1.927552e+02
4,30,60,1.927552e+02
4,30,70,1.927552e+02
4,30,80,1.927552e+02
4,30,90,1.927552e+02
4,30,100,1.927552e+02
4,30,1,4.135120e+03
4,30,2,4.135120e+03
4,30,3,2.701616e+03
4,30,5,1.775410e+03
4,30,10,8.083453e+02
4,30,20,8.083453e+02
4,30,30,8.083453e+02
4,30,40,8.083453e+02
4,30,50,8.083453e+02
4,30,60,8.083453e+02
4,30,70,8.083453e+02
4,30,80,8.083453e+02
4,30,90,8.083453e+02
4,30,100,8.083453e+02
4,30,1,2.145892e+03
4,30,2,2.145892e+03
4,30,3,2.145892e+03
4,30,5,1.780237e+03
4,30,10,1.462783e+03
4,30,20,1.213046e+03
4,30,30,1.213046e+03
4,30,40,1.213046e+03
4,30,50,1.213046e+03
4,30,60,1.198972e+03
4,30,70,1.198972e+03
4,30,80,6.004636e+02
4,30,90,6.004636e+02
4,30,100,6.004636e+02
4,30,1,2.990277e+03
4,30,2,2.467028e+03
4,30,3,2.467028e+03
4,30,5,1.519711e+03
4,30,10,1.111593e+03
4,30,20,9.145524e+02
4,30,30,9.145524e+02
4,30,40,9.145524e+02
4,30,50,9.145524e+02
4,30,60,8.813803e+02
4,30,70,8.813803e+02
4,30,80,8.805377e+02
4,30,90,8.805377e+02
4,30,100,8.805377e+02
4,30,1,1.276741e+03
4,30,2,1.259561e+03
4,30,3,1.259561e+03
4,30,5,1.169875e+03
4,30,10,1.169875e+03
4,30,20,1.152422e+03
4,30,30,1.048867e+03
4,30,40,1.048867e+03
4,30,50,8.929863e+02
4,30,60,8.929863e+02
4,30,70,8.929863e+02
4,30,80,8.929863e+02
4,30,90,7.959482e+02
4,30,100,7.959482e+02
4,30,1,2.973813e+03
4,30,2,1.077516e+03
4,30,3,1.077516e+03
4,30,5,1.077516e+03
4,30,10,9.565818e+02
4,30,20,8.618671e+02
4,30,30,8.618671e+02
4,30,40,8.618671e+02
4,30,50,8.618671e+02
4,30,60,8.618671e+02
4,30,70,8.618671e+02
4,30,80,8.618671e+02
4,30,90,8.618671e+02
4,30,100,8.618671e+02
4,30,1,4.566694e+03
4,30,2,3.288369e+03
4,30,3,1.677499e+03
4,30,5,1.100134e+03
4,30,10,1.100134e+03
4,30,20,1.100134e+03
4,30,30,1.100134e+03
4,30,40,1.100134e+03
4,30,50,7.361653e+02
4,30,60,7.361653e+02
4,30,70,7.361653e+02
4,30,80,7.361653e+02
4,30,90,7.361653e+02
4,30,100,7.361653e+02
4,30,1,2.550165e+03
4,30,2,2.550165e+03
4,30,3,2.413372e+03
4,30,5,2.336617e+03
4,30,10,1.655288e+03
4,30,20,1.245229e+03
4,30,30,9.330480e+02
4,30,40,9.330480e+02
4,30,50,9.330480e+02
4,30,60,9.330480e+02
4,30,70,9.330480e+02
4,30,80,9.330480e+02
4,30,90,9.330480e+02
4,30,100,8.917254e+02
4,30,1,3.331023e+03
4,30,2,1.557955e+03
4,30,3,1.557955e+03
4,30,5,1.557955e+03
4,30,10,1.557955e+03
4,30,20,1.103470e+03
4,30,30,8.183161e+02
4,30,40,8.183161e+02
4,30,50,8.183161e+02
4,30,60,8.183161e+02
4,30,70,8.183161e+02
4,30,80,8.183161e+02
4,30,90,8.183161e+02
4,30,100,5.314966e+02
4,30,1,4.056731e+03
4,30,2,1.953318e+03
4,30,3,1.624432e+03
4,30,5,1.624432e+03
4,30,10,1.624432e+03
4,30,20,1.239254e+03
4,30,30,1.239254e+03
4,30,40,1.239254e+03
4,30,50,1.103753e+03
4,30,60,1.103753e+03
4,30,70,7.894075e+02
4,30,80,7.894075e+02
4,30,90,7.894075e+02
4,30,100,7.894075e+02
4,30,1,2.498349e+03
4,30,2,2.498349e+03
4,30,3,1.944525e+03
4,30,5,1.734004e+03
4,30,10,1.173586e+03
4,30,20,8.683933e+02
4,30,30,8.683933e+02
4,30,40,8.683933e+02
4,30,50,7.622658e+02
4,30,60,7.622658e+02
4,30,70,7.622658e+02
4,30,80,7.622658e+02
4,30,90,7.622658e+02
4,30,100,7.622658e+02
