funcid,dim,milestone,error
14,10,1,5.922320e+04
14,10,2,8.906631e+03
14,10,3,4.552039e+03
14,10,5,4.552039e+03
14,10,10,2.434353e+03
14,10,20,2.434353e+03
14,10,30,6.409171e+02
14,10,40,6.409171e+02
14,10,50,6.409171e+02
14,10,60,2.918734e+02
14,10,70,2.840536e+02
14,10,80,2.840536e+02
14,10,90,2.840536e+02
14,10,100,2.840536e+02
14,10,1,5.164111e+03
14,10,2,5.164111e+03
14,10,3,5.164111e+03
14,10,5,5.164111e+03
14,10,10,2.419708e+03
14,10,20,2.019695e+03
14,10,30,4.407797e+02
14,10,40,4.407797e+02
14,10,50,4.407797e+02
14,10,60,2.781406e+02
14,10,70,2.781406e+02
14,10,80,2.781406e+02
14,10,90,2.781406e+02
14,10,100,2.781406e+02
14,10,1,2.599871e+04
14,10,2,6.016067e+03
14,10,3,6.016067e+03
14,10,5,6.016067e+03
14,10,10,3.064671e+02
14,10,20,3.064671e+02
14,10,30,3.064671e+02
14,10,40,3.064671e+02
14,10,50,1.593564e+02
14,10,60,1.593564e+02
14,10,70,1.593564e+02
14,10,80,1.593564e+02
14,10,90,1.593564e+02
14,10,100,1.593564e+02
14,10,1,1.301135e+05
14,10,2,4.613605e+04
14,10,3,1.361601e+03
14,10,5,1.361601e+03
14,10,10,1.361601e+03
14,10,20,2.183436e+02
14,10,30,2.007721e+02
14,10,40,2.007721e+02
14,10,50,2.007721e+02
14,10,60,2.007721e+02
14,10,70,2.007721e+02
14,10,80,2.007721e+02
14,10,90,2.007721e+02
14,10,100,2.007721e+02
14,10,1,5.124005e+04
14,10,2,1.997163e+04
14,10,3,7.895736e+03
14,10,5,7.895736e+03
14,10,10,3.048356e+03
14,10,20,8.186209e+02
14,10,30,8.186209e+02
14,10,40,8.186209e+02
14,10,50,8.186209e+02
14,10,60,8.186209e+02
14,10,70,8.186209e+02
14,10,80,8.186209e+02
14,10,90,8.186209e+02
14,10,100,2.919304e+02
14,10,1,3.999190e+04
14,10,2,3.999190e+04
14,10,3,6.915862e+03
14,10,5,3.813440e+03
14,10,10,2.077163e+03
14,10,20,1.644366e+03
14,10,30,1.644366e+03
14,10,40,8.241353e+02
14,10,50,2.087177e+02
14,10,60,2.087177e+02
14,10,70,2.087177e+02
14,10,80,2.087177e+02
14,10,90,2.087177e+02
14,10,100,2.087177e+02
14,10,1,6.351468e+04
14,10,2,4.835555e+04
14,10,3,1.270463e+04
14,10,5,1.132448e+04
14,10,10,1.132448e+04
14,10,20,2.121597e+03
14,10,30,2.121597e+03
14,10,40,2.121597e+03
14,10,50,4.314495e+02
14,10,60,4.314495e+02
14,10,70,2.083054e+02
14,10,80,2.083054e+02
14,10,90,1.543940e+02
14,10,100,1.450093e+02
14,10,1,1.135626e+04
14,10,2,2.185040e+03
14,10,3,2.185040e+03
14,10,5,2.185040e+03
14,10,10,2.131280e+03
14,10,20,1.169531e+03
14,10,30,1.169531e+03
14,10,40,7.359803e+02
14,10,50,7.359803e+02
14,10,60,6.912626e+02
14,10,70,6.912626e+02
14,10,80,6.912626e+02
14,10,90,6.912626e+02
14,10,100,6.912626e+02
14,10,1,1.392661e+04
14,10,2,1.392661e+04
14,10,3,3.826565e+03
14,10,5,3.660542e+02
14,10,10,3.660542e+02
14,10,20,3.660542e+02
14,10,30,3.660542e+02
14,10,40,3.660542e+02
14,10,50,3.660542e+02
14,10,60,3.660542e+02
14,10,70,3.660542e+02
14,10,80,3.660542e+02
14,10,90,3.660542e+02
14,10,100,3.660542e+02
14,10,1,2.416455e+02
14,10,2,2.416455e+02
14,10,3,2.416455e+02
14,10,5,2.416455e+02
14,10,10,2.416455e+02
14,10,20,2.416455e+02
14,10,30,2.416455e+02
14,10,40,9.372173e+01
14,10,50,9.372173e+01
14,10,60,9.372173e+01
14,10,70,9.372173e+01
14,10,80,9.372173e+01
14,10,90,9.372173e+01
14,10,100,9.372173e+01
14,10,1,8.899169e+05
14,10,2,5.553422e+03
14,10,3,5.553422e+03
14,10,5,5.553422e+03
14,10,10,5.553422e+03
14,10,20,5.553422e+03
14,10,30,2.149670e+03
14,10,40,5.567083e+02
14,10,50,5.567083e+02
14,10,60,5.567083e+02
14,10,70,5.567083e+02
14,10,80,4.805723e+02
14,10,90,4.805723e+02
14,10,100,4.805723e+02
14,10,1,1.463115e+04
14,10,2,1.463115e+04
14,10,3,1.463115e+04
14,10,5,1.463115e+04
14,10,10,6.486171e+02
14,10,20,5.320701e+02
14,10,30,5.320701e+02
14,10,40,5.320701e+02
14,10,50,5.320701e+02
14,10,60,1.824273e+02
14,10,70,1.824273e+02
14,10,80,1.824273e+02
14,10,90,1.824273e+02
14,10,100,1.824273e+02
14,10,1,1.933564e+06
14,10,2,3.777279e+05
14,10,3,4.504885e+02
14,10,5,4.504885e+02
14,10,10,4.504885e+02
14,10,20,4.504885e+02
14,10,30,4.504885e+02
14,10,40,1.076983e+02
14,10,50,1.076983e+02
14,10,60,1.076983e+02
14,10,70,1.076983e+02
14,10,80,1.076983e+02
14,10,90,1.076983e+02
14,10,100,1.076983e+02
14,10,1,7.504409e+04
14,10,2,7.504409e+04
14,10,3,7.504409e+04
14,10,5,1.814739e+04
14,10,10,2.041974e+03
14,10,20,2.041974e+03
14,10,30,2.041974e+03
14,10,40,2.041974e+03
14,10,50,5.414115e+02
14,10,60,5.414115e+02
14,10,70,5.414115e+02
14,10,80,5.414115e+02
14,10,90,5.414115e+02
14,10,100,5.414115e+02
14,10,1,2.152489e+03
14,10,2,2.152489e+03
14,10,3,2.152489e+03
14,10,5,2.152489e+03
14,10,10,2.152489e+03
14,10,20,2.152489e+03
14,10,30,2.152489e+03
14,10,40,2.044331e+03
14,10,50,2.044131e+03
14,10,60,1.211776e+03
14,10,70,1.211776e+03
14,10,80,1.211776e+03
14,10,90,1.211776e+03
14,10,100,1.211776e+03
14,10,1,4.060086e+04
14,10,2,4.060086e+04
14,10,3,4.060086e+04
14,10,5,4.060086e+04
14,10,10,5.537497e+03
14,10,20,3.422602e+03
14,10,30,2.387105e+03
14,10,40,1.874403e+03
14,10,50,1.874403e+03
14,10,60,1.874403e+03
14,10,70,1.817295e+02
14,10,80,1.817295e+02
14,10,90,1.817295e+02
14,10,100,1.817295e+02
14,10,1,1.241757e+05
14,10,2,2.814267e+02
14,10,3,2.814267e+02
14,10,5,2.814267e+02
14,10,10,2.814267e+02
14,10,20,2.814267e+02
14,10,30,2.814267e+02
14,10,40,2.814267e+02
14,10,50,2.814267e+02
14,10,60,2.723935e+02
14,10,70,2.723935e+02
14,10,80,2.723935e+02
14,10,90,2.723935e+02
14,10,100,2.723935e+02
14,10,1,6.816171e+05
14,10,2,4.197538e+03
14,10,3,4.197538e+03
14,10,5,4.197538e+03
14,10,10,3.893664e+02
14,10,20,3.893664e+02
14,10,30,3.893664e+02
14,10,40,3.893664e+02
14,10,50,3.893664e+02
14,10,60,3.893664e+02
14,10,70,3.893664e+02
14,10,80,3.893664e+02
14,10,90,6.499699e+01
14,10,100,6.499699e+01
14,10,1,4.406131e+05
14,10,2,4.406131e+05
14,10,3,2.820317e+04
14,10,5,1.652726e+04
14,10,10,1.648722e+04
14,10,20,7.150914e+03
14,10,30,5.665194e+03
14,10,40,2.461996e+03
14,10,50,1.014099e+03
14,10,60,4.225086e+02
14,10,70,4.225086e+02
14,10,80,4.225086e+02
14,10,90,4.225086e+02
14,10,100,4.225086e+02
14,10,1,1.577200e+04
14,10,2,1.577200e+04
14,10,3,1.577200e+04
14,10,5,4.185365e+03
14,10,10,4.185365e+03
14,10,20,1.982833e+03
14,10,30,1.982833e+03
14,10,40,1.972261e+03
14,10,50,1.972261e+03
14,10,60,1.972261e+03
14,10,70,1.000198e+03
14,10,80,1.000198e+03
14,10,90,5.790943e+02
14,10,100,5.790943e+02
14,10,1,1.865474e+04
14,10,2,1.865474e+04
14,10,3,1.865474e+04
14,10,5,1.865474e+04
14,10,10,4.015865e+03
14,10,20,1.873814e+03
14,10,30,1.873814e+03
14,10,40,1.341503e+03
14,10,50,4.491210e+02
14,10,60,4.491210e+02
14,10,70,4.491210e+02
14,10,80,4.491210e+02
14,10,90,4.491210e+02
14,10,100,4.491210e+02
14,10,1,7.706595e+02
14,10,2,7.706595e+02
14,10,3,7.706595e+02
14,10,5,7.706595e+02
14,10,10,7.706595e+02
14,10,20,5.422626e+02
14,10,30,4.121009e+02
14,10,40,4.121009e+02
14,10,50,4.121009e+02
14,10,60,4.121009e+02
14,10,70,4.121009e+02
14,10,80,4.121009e+02
14,10,90,4.121009e+02
14,10,100,4.121009e+02
14,10,1,6.068572e+04
14,10,2,6.177576e+03
14,10,3,6.177576e+03
14,10,5,6.177576e+03
14,10,10,6.177576e+03
14,10,20,6.177576e+03
14,10,30,1.769544e+03
14,10,40,1.769544e+03
14,10,50,1.769544e+03
14,10,60,1.769544e+03
14,10,70,1.769544e+03
14,10,80,1.769544e+03
14,10,90,1.149763e+03
14,10,100,1.149763e+03
14,10,1,3.880215e+04
14,10,2,1.913321e+04
14,10,3,1.912601e+04
14,10,5,1.609461e+04
14,10,10,8.155839e+03
14,10,20,2.135333e+03
14,10,30,2.135333e+03
14,10,40,1.228449e+03
14,10,50,1.228449e+03
14,10,60,2.753309e+02
14,10,70,2.753309e+02
14,10,80,2.753309e+02
14,10,90,2.753309e+02
14,10,100,2.753309e+02
14,10,1,1.420463e+05
14,10,2,9.439065e+04
14,10,3,1.115190e+03
14,10,5,1.115190e+03
14,10,10,1.115190e+03
14,10,20,1.115190e+03
14,10,30,1.115190e+03
14,10,40,1.115190e+03
14,10,50,7.338824e+02
14,10,60,7.338824e+02
14,10,70,7.338824e+02
14,10,80,7.338824e+02
14,10,90,7.338824e+02
14,10,100,7.338824e+02
14,10,1,2.590335e+04
14,10,2,2.583412e+04
14,10,3,2.583412e+04
14,10,5,2.250408e+04
14,10,10,5.245902e+03
14,10,20,5.956634e+02
14,10,30,5.956634e+02
14,10,40,5.956634e+02
14,10,50,5.956634e+02
14,10,60,5.956634e+02
14,10,70,5.956634e+02
14,10,80,5.956634e+02
14,10,90,5.956634e+02
14,10,100,5.956634e+02
14,10,1,2.879862e+03
14,10,2,2.879862e+03
14,10,3,2.870580e+03
14,10,5,2.870580e+03
14,10,10,2.870580e+03
14,10,20,2.061135e+03
14,10,30,2.061135e+03
14,10,40,2.061135e+03
14,10,50,1.120027e+03
14,10,60,1.120027e+03
14,10,70,1.120027e+03
14,10,80,1.120027e+03
14,10,90,1.120027e+03
14,10,100,1.120027e+03
14,10,1,6.820903e+03
14,10,2,6.820903e+03
14,10,3,3.447760e+03
14,10,5,6.281803e+02
14,10,10,6.281803e+02
14,10,20,6.281803e+02
14,10,30,6.281803e+02
14,10,40,6.281803e+02
14,10,50,6.281803e+02
14,10,60,6.281803e+02
14,10,70,6.281803e+02
14,10,80,1.887410e+02
14,10,90,1.887410e+02
14,10,100,1.887410e+02
14,10,1,2.092917e+03
14,10,2,2.079702e+03
14,10,3,2.079702e+03
14,10,5,2.079702e+03
14,10,10,2.079702e+03
14,10,20,2.079702e+03
14,10,30,1.092760e+03
14,10,40,1.092760e+03
14,10,50,1.092760e+03
14,10,60,1.092760e+03
14,10,70,1.022281e+03
14,10,80,7.903330e+02
14,10,90,7.903330e+02
14,10,100,7.903330e+02
14,10,1,5.691999e+02
14,10,2,5.691999e+02
14,10,3,5.691999e+02
14,10,5,5.691999e+02
14,10,10,5.691999e+02
14,10,20,5.691999e+02
14,10,30,5.691999e+02
14,10,40,5.691999e+02
14,10,50,4.032800e+02
14,10,60,4.032800e+02
14,10,70,4.032800e+02
14,10,80,4.032800e+02
14,10,90,4.032800e+02
14,10,100,4.032800e+02
