funcid,dim,milestone,error
18,10,1,1.474799e+07
18,10,2,1.474799e+07
18,10,3,1.474799e+07
18,10,5,1.474799e+07
18,10,10,1.228051e+06
18,10,20,1.228051e+06
18,10,30,1.228051e+06
18,10,40,1.228051e+06
18,10,50,1.228051e+06
18,10,60,6.985177e+05
18,10,70,6.985177e+05
18,10,80,6.985177e+05
18,10,90,6.985177e+05
18,10,100,6.985177e+05
18,10,1,5.982472e+06
18,10,2,5.982472e+06
18,10,3,5.982472e+06
18,10,5,5.982472e+06
18,10,10,3.337797e+06
18,10,20,3.730254e+05
18,10,30,3.730254e+05
18,10,40,3.730254e+05
18,10,50,3.730254e+05
18,10,60,3.730254e+05
18,10,70,2.447261e+05
18,10,80,2.447261e+05
18,10,90,2.447261e+05
18,10,100,2.447261e+05
18,10,1,4.009980e+07
18,10,2,1.100648e+07
18,10,3,4.060691e+06
18,10,5,4.060691e+06
18,10,10,4.060635e+06
18,10,20,4.060635e+06
18,10,30,2.080191e+06
18,10,40,2.080191e+06
18,10,50,2.080191e+06
18,10,60,2.080191e+06
18,10,70,2.080191e+06
18,10,80,2.080191e+06
18,10,90,2.080191e+06
18,10,100,3.878279e+05
18,10,1,6.394102e+07
18,10,2,4.394326e+07
18,10,3,4.394326e+07
18,10,5,9.581363e+06
18,10,10,3.695690e+06
18,10,20,1.909782e+05
18,10,30,1.909782e+05
18,10,40,1.909782e+05
18,10,50,1.909782e+05
18,10,60,1.909782e+05
18,10,70,1.909782e+05
18,10,80,1.909782e+05
18,10,90,1.909782e+05
18,10,100,1.909782e+05
18,10,1,2.587938e+06
18,10,2,2.587938e+06
18,10,3,2.587938e+06
18,10,5,2.587938e+06
18,10,10,2.587938e+06
18,10,20,2.587938e+06
18,10,30,7.695529e+05
18,10,40,1.013947e+05
18,10,50,1.013947e+05
18,10,60,1.013947e+05
18,10,70,1.013947e+05
18,10,80,1.013947e+05
18,10,90,1.013947e+05
18,10,100,1.013947e+05
18,10,1,2.456044e+07
18,10,2,1.117076e+06
18,10,3,1.117076e+06
18,10,5,1.117076e+06
18,10,10,1.117076e+06
18,10,20,4.383007e+05
18,10,30,4.383007e+05
18,10,40,4.383007e+05
18,10,50,4.383007e+05
18,10,60,4.383007e+05
18,10,70,4.383007e+05
18,10,80,4.383007e+05
18,10,90,4.383007e+05
18,10,100,4.383007e+05
18,10,1,2.681540e+07
18,10,2,2.681540e+07
18,10,3,2.681540e+07
18,10,5,2.146765e+06
18,10,10,5.596727e+05
18,10,20,5.596727e+05
18,10,30,5.596727e+05
18,10,40,5.372321e+05
18,10,50,5.372321e+05
18,10,60,5.372321e+05
18,10,70,5.372321e+05
18,10,80,5.372321e+05
18,10,90,5.372321e+05
18,10,100,5.372321e+05
18,10,1,5.528941e+07
18,10,2,1.067394e+07
18,10,3,5.723187e+05
18,10,5,5.723187e+05
18,10,10,5.723187e+05
18,10,20,5.723187e+05
18,10,30,2.104573e+05
18,10,40,2.104573e+05
18,10,50,2.104573e+05
18,10,60,2.104573e+05
18,10,70,2.104573e+05
18,10,80,9.477697e+04
18,10,90,9.477697e+04
18,10,100,9.477697e+04
18,10,1,3.321123e+07
18,10,2,8.074354e+06
18,10,3,8.074354e+06
18,10,5,8.074354e+06
18,10,10,1.703002e+06
18,10,20,1.703002e+06
18,10,30,1.703002e+06
18,10,40,1.569225e+06
18,10,50,1.569225e+06
18,10,60,1.218140e+05
18,10,70,1.218140e+05
18,10,80,1.218140e+05
18,10,90,1.218140e+05
18,10,100,1.218140e+05
18,10,1,8.173562e+06
18,10,2,8.173562e+06
18,10,3,8.173562e+06
18,10,5,8.173562e+06
18,10,10,8.173562e+06
18,10,20,2.143811e+06
18,10,30,2.143811e+06
18,10,40,2.143811e+06
18,10,50,1.227553e+06
18,10,60,1.227553e+06
18,10,70,1.227553e+06
18,10,80,1.227553e+06
18,10,90,8.459580e+05
18,10,100,8.459580e+05
18,10,1,1.294223e+07
18,10,2,7.794237e+06
18,10,3,4.175714e+05
18,10,5,4.175714e+05
18,10,10,4.175714e+05
18,10,20,4.175714e+05
18,10,30,4.491130e+04
18,10,40,4.491130e+04
18,10,50,4.491130e+04
18,10,60,4.491130e+04
18,10,70,4.491130e+04
18,10,80,4.491130e+04
18,10,90,4.491130e+04
18,10,100,4.491130e+04
18,10,1,1.422118e+06
18,10,2,4.276353e+05
18,10,3,4.276353e+05
18,10,5,4.276353e+05
18,10,10,4.276353e+05
18,10,20,4.276353e+05
18,10,30,4.276353e+05
18,10,40,5.374799e+04
18,10,50,5.374799e+04
18,10,60,5.374799e+04
18,10,70,5.374799e+04
18,10,80,5.374799e+04
18,10,90,5.374799e+04
18,10,100,5.374799e+04
18,10,1,4.715976e+06
18,10,2,3.207908e+06
18,10,3,3.207908e+06
18,10,5,3.207908e+06
18,10,10,5.349761e+05
18,10,20,4.699310e+05
18,10,30,4.699310e+05
18,10,40,4.699310e+05
18,10,50,1.569984e+05
18,10,60,1.569984e+05
18,10,70,1.569984e+05
18,10,80,1.569984e+05
18,10,90,1.569984e+05
18,10,100,1.569984e+05
18,10,1,1.871245e+06
18,10,2,1.871245e+06
18,10,3,1.871245e+06
18,10,5,4.636870e+05
18,10,10,4.636870e+05
18,10,20,4.636870e+05
18,10,30,4.636870e+05
18,10,40,4.571828e+05
18,10,50,1.878526e+04
18,10,60,1.878526e+04
18,10,70,1.878526e+04
18,10,80,1.332560e+04
18,10,90,1.332560e+04
18,10,100,1.332560e+04
18,10,1,2.719362e+05
18,10,2,2.719362e+05
18,10,3,2.719362e+05
18,10,5,2.719362e+05
18,10,10,2.719362e+05
18,10,20,2.470066e+05
18,10,30,2.470066e+05
18,10,40,1.156801e+05
18,10,50,1.156801e+05
18,10,60,1.156801e+05
18,10,70,8.512027e+04
18,10,80,8.512027e+04
18,10,90,8.512027e+04
18,10,100,5.157945e+04
18,10,1,1.892325e+06
18,10,2,1.892325e+06
18,10,3,1.110781e+06
18,10,5,1.110781e+06
18,10,10,1.188661e+05
18,10,20,1.188661e+05
18,10,30,1.188661e+05
18,10,40,1.188661e+05
18,10,50,1.188661e+05
18,10,60,2.074133e+04
18,10,70,2.074133e+04
18,10,80,2.074133e+04
18,10,90,2.074133e+04
18,10,100,2.074133e+04
18,10,1,2.915085e+05
18,10,2,2.915085e+05
18,10,3,2.915085e+05
18,10,5,2.915085e+05
18,10,10,2.915085e+05
18,10,20,2.915085e+05
18,10,30,9.165506e+03
18,10,40,9.165506e+03
18,10,50,9.165506e+03
18,10,60,9.165506e+03
18,10,70,9.165506e+03
18,10,80,9.165506e+03
18,10,90,9.165506e+03
18,10,100,9.165506e+03
18,10,1,2.821392e+05
18,10,2,2.821392e+05
18,10,3,1.143386e+05
18,10,5,1.143386e+05
18,10,10,1.143386e+05
18,10,20,1.143386e+05
18,10,30,8.853717e+04
18,10,40,8.853717e+04
18,10,50,8.853717e+04
18,10,60,8.853717e+04
18,10,70,8.853717e+04
18,10,80,8.853717e+04
18,10,90,8.853717e+04
18,10,100,8.853717e+04
18,10,1,6.748336e+05
18,10,2,6.748336e+05
18,10,3,6.624099e+05
18,10,5,6.624098e+05
18,10,10,6.624098e+05
18,10,20,6.624098e+05
18,10,30,2.475779e+05
18,10,40,2.475779e+05
18,10,50,2.475779e+05
18,10,60,2.475779e+05
18,10,70,1.731118e+05
18,10,80,1.731118e+05
18,10,90,1.731118e+05
18,10,100,1.731118e+05
18,10,1,4.401128e+06
18,10,2,2.413335e+06
18,10,3,2.413335e+06
18,10,5,2.413335e+06
18,10,10,6.923275e+05
18,10,20,1.749248e+05
18,10,30,1.749248e+05
18,10,40,1.749248e+05
18,10,50,1.749248e+05
18,10,60,1.749248e+05
18,10,70,5.857196e+04
18,10,80,5.857196e+04
18,10,90,5.857196e+04
18,10,100,5.857196e+04
18,10,1,4.462884e+07
18,10,2,2.702241e+07
18,10,3,2.702240e+07
18,10,5,2.702240e+07
18,10,10,2.998881e+06
18,10,20,9.705079e+05
18,10,30,2.926227e+04
18,10,40,2.926227e+04
18,10,50,2.926227e+04
18,10,60,2.926227e+04
18,10,70,2.926227e+04
18,10,80,2.926227e+04
18,10,90,2.926227e+04
18,10,100,2.926227e+04
18,10,1,2.789890e+06
18,10,2,2.789890e+06
18,10,3,1.922608e+06
18,10,5,1.622966e+06
18,10,10,1.622966e+06
18,10,20,2.655141e+05
18,10,30,2.655141e+05
18,10,40,2.655141e+05
18,10,50,2.655141e+05
18,10,60,2.655141e+05
18,10,70,2.655141e+05
18,10,80,2.655141e+05
18,10,90,2.655141e+05
18,10,100,2.655141e+05
18,10,1,2.457779e+06
18,10,2,2.457779e+06
18,10,3,2.457779e+06
18,10,5,2.457779e+06
18,10,10,2.457779e+06
18,10,20,2.571822e+05
18,10,30,1.740275e+05
18,10,40,1.740275e+05
18,10,50,1.740275e+05
18,10,60,1.740275e+05
18,10,70,1.740275e+05
18,10,80,1.740275e+05
18,10,90,1.740275e+05
18,10,100,1.740275e+05
18,10,1,1.170784e+07
18,10,2,6.294389e+06
18,10,3,6.294389e+06
18,10,5,6.294389e+06
18,10,10,1.256834e+06
18,10,20,8.498675e+05
18,10,30,5.328971e+05
18,10,40,5.328971e+05
18,10,50,3.123880e+05
18,10,60,3.123880e+05
18,10,70,2.780059e+05
18,10,80,2.464145e+05
18,10,90,1.157732e+05
18,10,100,1.157732e+05
18,10,1,4.393176e+07
18,10,2,4.393176e+07
18,10,3,1.562914e+07
18,10,5,4.882777e+06
18,10,10,1.346646e+06
18,10,20,1.346646e+06
18,10,30,4.936798e+05
18,10,40,4.936798e+05
18,10,50,6.076703e+04
18,10,60,6.076703e+04
18,10,70,6.076703e+04
18,10,80,6.076703e+04
18,10,90,6.076703e+04
18,10,100,6.076703e+04
18,10,1,4.761439e+07
18,10,2,4.801547e+06
18,10,3,4.801547e+06
18,10,5,3.381322e+06
18,10,10,4.001145e+05
18,10,20,4.001145e+05
18,10,30,4.001145e+05
18,10,40,4.001145e+05
18,10,50,2.423086e+05
18,10,60,2.423086e+05
18,10,70,2.423086e+05
18,10,80,2.360140e+05
18,10,90,2.360140e+05
18,10,100,2.360140e+05
18,10,1,4.462876e+07
18,10,2,1.604248e+07
18,10,3,1.166302e+07
18,10,5,1.166301e+07
18,10,10,2.642361e+05
18,10,20,2.642361e+05
18,10,30,2.642361e+05
18,10,40,2.642361e+05
18,10,50,2.642361e+05
18,10,60,2.642361e+05
18,10,70,7.114500e+04
18,10,80,7.114500e+04
18,10,90,7.114500e+04
18,10,100,7.114500e+04
18,10,1,1.359934e+06
18,10,2,1.359934e+06
18,10,3,1.359934e+06
18,10,5,1.359934e+06
18,10,10,1.359934e+06
18,10,20,1.359934e+06
18,10,30,6.792483e+05
18,10,40,6.792483e+05
18,10,50,6.792483e+05
18,10,60,4.821060e+05
18,10,70,4.821060e+05
18,10,80,4.821060e+05
18,10,90,1.935195e+05
18,10,100,1.935195e+05
18,10,1,8.374520e+06
18,10,2,8.374520e+06
18,10,3,7.597490e+06
18,10,5,7.597398e+06
18,10,10,2.261492e+03
18,10,20,2.247446e+03
18,10,30,2.247446e+03
18,10,40,2.247446e+03
18,10,50,2.247446e+03
18,10,60,2.247446e+03
18,10,70,2.247446e+03
18,10,80,2.247446e+03
18,10,90,2.247446e+03
18,10,100,2.247446e+03
18,10,1,2.063006e+06
18,10,2,2.063006e+06
18,10,3,2.063006e+06
18,10,5,2.063006e+06
18,10,10,1.481992e+06
18,10,20,4.973982e+05
18,10,30,4.973982e+05
18,10,40,9.890718e+04
18,10,50,9.890718e+04
18,10,60,9.890718e+04
18,10,70,9.890718e+04
18,10,80,9.890718e+04
18,10,90,9.890718e+04
18,10,100,9.890718e+04
