funcid,dim,milestone,error
19,30,1,9.527289e+08
19,30,2,7.506384e+08
19,30,3,7.506384e+08
19,30,5,7.305682e+08
19,30,10,7.305682e+08
19,30,20,5.397161e+08
19,30,30,5.397161e+08
19,30,40,5.397161e+08
19,30,50,5.397161e+08
19,30,60,5.397161e+08
19,30,70,5.397161e+08
19,30,80,2.794313e+08
19,30,90,2.794313e+08
19,30,100,2.794313e+08
19,30,1,2.150172e+09
19,30,2,2.150172e+09
19,30,3,1.206516e+09
19,30,5,5.000428e+08
19,30,10,5.000428e+08
19,30,20,5.000428e+08
19,30,30,4.269195e+08
19,30,40,3.791017e+08
19,30,50,3.791017e+08
19,30,60,3.791017e+08
19,30,70,3.791017e+08
19,30,80,3.791017e+08
19,30,90,3.791017e+08
19,30,100,3.791017e+08
19,30,1,1.578501e+09
19,30,2,1.578501e+09
19,30,3,1.578501e+09
19,30,5,1.284762e+09
19,30,10,4.190770e+08
19,30,20,4.190770e+08
19,30,30,4.190770e+08
19,30,40,4.190770e+08
19,30,50,4.190770e+08
19,30,60,4.190770e+08
19,30,70,4.190770e+08
19,30,80,4.190770e+08
19,30,90,4.190770e+08
19,30,100,4.190770e+08
19,30,1,1.151418e+09
19,30,2,1.151418e+09
19,30,3,1.151418e+09
19,30,5,9.555782e+08
19,30,10,9.555782e+08
19,30,20,6.305793e+08
19,30,30,6.305793e+08
19,30,40,6.305793e+08
19,30,50,6.305793e+08
19,30,60,6.305793e+08
19,30,70,2.432639e+08
19,30,80,2.432639e+08
19,30,90,2.432639e+08
19,30,100,2.432639e+08
19,30,1,2.080745e+09
19,30,2,1.111665e+09
19,30,3,1.111665e+09
19,30,5,7.860945e+08
19,30,10,7.023506e+08
19,30,20,5.905256e+08
19,30,30,2.673502e+08
19,30,40,2.673502e+08
19,30,50,2.673502e+08
19,30,60,2.673502e+08
19,30,70,2.239308e+08
19,30,80,1.248577e+08
19,30,90,1.248577e+08
19,30,100,1.248577e+08
19,30,1,1.688889e+09
19,30,2,1.688889e+09
19,30,3,1.681111e+09
19,30,5,8.030855e+08
19,30,10,8.030855e+08
19,30,20,4.231044e+08
19,30,30,4.231044e+08
19,30,40,4.231044e+08
19,30,50,4.231044e+08
19,30,60,4.231044e+08
19,30,70,4.231044e+08
19,30,80,4.231044e+08
19,30,90,4.231044e+08
19,30,100,2.633879e+08
19,30,1,1.118029e+09
19,30,2,1.118029e+09
19,30,3,1.118029e+09
19,30,5,1.118029e+09
19,30,10,8.661341e+08
19,30,20,8.030860e+08
19,30,30,8.030860e+08
19,30,40,6.290737e+08
19,30,50,6.290737e+08
19,30,60,6.290737e+08
19,30,70,4.022759e+08
19,30,80,4.022759e+08
19,30,90,4.022759e+08
19,30,100,3.762292e+08
19,30,1,1.190716e+09
19,30,2,1.190716e+09
19,30,3,1.190716e+09
19,30,5,1.101941e+09
19,30,10,1.101941e+09
19,30,20,8.265680e+08
19,30,30,4.156446e+08
19,30,40,4.156446e+08
19,30,50,4.156446e+08
19,30,60,4.156446e+08
19,30,70,4.156446e+08
19,30,80,3.841509e+08
19,30,90,3.841509e+08
19,30,100,3.841509e+08
19,30,1,2.859991e+09
19,30,2,1.947630e+09
19,30,3,1.200660e+09
19,30,5,1.200660e+09
19,30,10,7.451400e+08
19,30,20,7.451400e+08
19,30,30,4.166674e+08
19,30,40,4.166674e+08
19,30,50,4.166674e+08
19,30,60,3.777995e+08
19,30,70,3.777995e+08
19,30,80,3.777995e+08
19,30,90,3.489576e+08
19,30,100,3.489576e+08
19,30,1,1.477931e+09
19,30,2,1.247390e+09
19,30,3,1.240954e+09
19,30,5,1.240954e+09
19,30,10,1.240954e+09
19,30,20,9.793903e+08
19,30,30,7.010296e+08
19,30,40,6.416821e+08
19,30,50,6.416821e+08
19,30,60,1.593073e+08
19,30,70,1.593073e+08
19,30,80,1.593073e+08
19,30,90,1.593073e+08
19,30,100,1.593073e+08
19,30,1,7.733542e+07
19,30,2,7.733542e+07
19,30,3,7.733542e+07
19,30,5,7.733542e+07
19,30,10,7.733542e+07
19,30,20,7.733542e+07
19,30,30,7.733542e+07
19,30,40,7.733542e+07
19,30,50,7.733542e+07
19,30,60,5.347101e+07
19,30,70,5.347101e+07
19,30,80,3.568845e+07
19,30,90,3.304277e+07
19,30,100,3.304277e+07
19,30,1,4.830776e+07
19,30,2,3.365026e+07
19,30,3,3.365026e+07
19,30,5,3.365026e+07
19,30,10,3.365026e+07
19,30,20,3.365026e+07
19,30,30,3.365026e+07
19,30,40,3.365026e+07
19,30,50,3.365026e+07
19,30,60,3.365026e+07
19,30,70,3.365026e+07
19,30,80,3.365026e+07
19,30,90,3.365026e+07
19,30,100,3.365026e+07
19,30,1,3.740956e+07
19,30,2,3.740956e+07
19,30,3,3.740956e+07
19,30,5,3.740956e+07
19,30,10,3.740956e+07
19,30,20,2.058509e+07
19,30,30,2.058509e+07
19,30,40,2.058509e+07
19,30,50,2.058509e+07
19,30,60,2.058509e+07
19,30,70,2.058509e+07
19,30,80,2.058509e+07
19,30,90,2.058509e+07
19,30,100,2.058509e+07
19,30,1,6.573700e+07
19,30,2,6.573700e+07
19,30,3,6.573700e+07
19,30,5,6.573700e+07
19,30,10,6.573700e+07
19,30,20,6.573700e+07
19,30,30,6.573700e+07
19,30,40,2.962078e+07
19,30,50,2.962078e+07
19,30,60,2.962078e+07
19,30,70,2.962078e+07
19,30,80,2.962078e+07
19,30,90,2.962078e+07
19,30,100,2.962078e+07
19,30,1,1.007340e+08
19,30,2,1.007340e+08
19,30,3,1.007340e+08
19,30,5,3.820538e+07
19,30,10,3.820538e+07
19,30,20,1.753903e+07
19,30,30,1.753903e+07
19,30,40,1.753903e+07
19,30,50,1.753903e+07
19,30,60,1.753903e+07
19,30,70,1.753903e+07
19,30,80,1.753903e+07
19,30,90,1.753903e+07
19,30,100,1.753903e+07
19,30,1,7.995445e+07
19,30,2,7.995445e+07
19,30,3,7.995445e+07
19,30,5,7.995445e+07
19,30,10,7.995445e+07
19,30,20,7.791073e+07
19,30,30,7.791073e+07
19,30,40,7.791073e+07
19,30,50,7.791073e+07
19,30,60,7.791073e+07
19,30,70,7.791073e+07
19,30,80,7.791073e+07
19,30,90,2.849461e+07
19,30,100,2.849461e+07
19,30,1,2.265796e+08
19,30,2,1.226570e+08
19,30,3,1.226570e+08
19,30,5,6.903120e+07
19,30,10,6.903120e+07
19,30,20,6.903120e+07
19,30,30,2.700838e+07
19,30,40,2.559179e+07
19,30,50,2.559179e+07
19,30,60,2.559179e+07
19,30,70,2.559179e+07
19,30,80,2.559179e+07
19,30,90,2.559179e+07
19,30,100,2.559179e+07
19,30,1,1.509814e+08
19,30,2,1.136905e+08
19,30,3,1.136905e+08
19,30,5,1.136905e+08
19,30,10,1.136905e+08
19,30,20,9.909051e+07
19,30,30,6.740569e+07
19,30,40,2.374022e+07
19,30,50,2.374022e+07
19,30,60,2.374022e+07
19,30,70,2.374022e+07
19,30,80,2.374022e+07
19,30,90,2.374022e+07
19,30,100,2.350377e+07
19,30,1,1.431872e+08
19,30,2,1.414652e+08
19,30,3,9.348665e+07
19,30,5,6.756342e+07
19,30,10,6.756342e+07
19,30,20,6.756342e+07
19,30,30,6.756342e+07
19,30,40,6.756342e+07
19,30,50,6.756342e+07
19,30,60,6.756342e+07
19,30,70,4.554514e+07
19,30,80,4.554514e+07
19,30,90,4.554514e+07
19,30,100,4.554514e+07
19,30,1,1.340051e+08
19,30,2,1.340051e+08
19,30,3,1.340051e+08
19,30,5,1.340051e+08
19,30,10,1.340051e+08
19,30,20,2.607460e+07
19,30,30,2.607460e+07
19,30,40,6.108159e+06
19,30,50,6.108159e+06
19,30,60,6.108159e+06
19,30,70,6.108159e+06
19,30,80,6.108159e+06
19,30,90,6.108159e+06
19,30,100,6.108159e+06
19,30,1,1.681381e+08
19,30,2,1.524815e+08
19,30,3,1.524815e+08
19,30,5,1.524815e+08
19,30,10,1.524815e+08
19,30,20,1.524815e+08
19,30,30,8.999467e+07
19,30,40,8.999467e+07
19,30,50,8.999467e+07
19,30,60,8.999467e+07
19,30,70,8.999467e+07
19,30,80,8.999467e+07
19,30,90,8.999467e+07
19,30,100,8.999467e+07
19,30,1,1.264222e+09
19,30,2,6.336063e+08
19,30,3,6.336063e+08
19,30,5,6.336063e+08
19,30,10,3.337925e+08
19,30,20,3.337925e+08
19,30,30,1.942169e+08
19,30,40,1.942169e+08
19,30,50,1.942169e+08
19,30,60,1.311644e+08
19,30,70,1.311644e+08
19,30,80,1.311644e+08
19,30,90,1.311644e+08
19,30,100,7.133407e+07
19,30,1,1.166513e+09
19,30,2,9.185248e+08
19,30,3,3.156410e+08
19,30,5,3.156410e+08
19,30,10,3.156410e+08
19,30,20,2.357125e+08
19,30,30,1.234639e+08
19,30,40,1.234639e+08
19,30,50,1.234639e+08
19,30,60,1.234639e+08
19,30,70,1.234639e+08
19,30,80,1.234639e+08
19,30,90,1.234639e+08
19,30,100,1.234639e+08
19,30,1,7.080901e+08
19,30,2,6.203579e+08
19,30,3,3.533945e+08
19,30,5,3.533945e+08
19,30,10,2.923117e+08
19,30,20,2.912376e+08
19,30,30,4.355637e+07
19,30,40,4.355637e+07
19,30,50,4.355637e+07
19,30,60,4.355637e+07
19,30,70,4.355637e+07
19,30,80,4.355637e+07
19,30,90,4.355637e+07
19,30,100,4.355637e+07
19,30,1,1.361416e+08
19,30,2,1.361416e+08
19,30,3,1.361416e+08
19,30,5,1.361416e+08
19,30,10,1.361416e+08
19,30,20,1.361416e+08
19,30,30,1.361416e+08
19,30,40,1.361416e+08
19,30,50,1.361416e+08
19,30,60,1.361416e+08
19,30,70,1.361416e+08
19,30,80,1.361416e+08
19,30,90,1.361416e+08
19,30,100,1.361416e+08
19,30,1,1.203083e+09
19,30,2,8.153882e+08
19,30,3,1.221318e+08
19,30,5,1.221318e+08
19,30,10,1.221318e+08
19,30,20,1.221318e+08
19,30,30,1.221318e+08
19,30,40,1.221318e+08
19,30,50,1.221318e+08
19,30,60,1.221318e+08
19,30,70,1.206289e+08
19,30,80,1.206289e+08
19,30,90,1.206289e+08
19,30,100,1.206289e+08
19,30,1,2.427847e+08
19,30,2,2.427847e+08
19,30,3,2.427847e+08
19,30,5,2.427847e+08
19,30,10,1.602615e+08
19,30,20,1.506821e+08
19,30,30,1.506821e+08
19,30,40,1.002449e+08
19,30,50,1.002449e+08
19,30,60,1.002449e+08
19,30,70,1.002449e+08
19,30,80,1.002449e+08
19,30,90,1.002449e+08
19,30,100,1.002449e+08
19,30,1,4.762618e+08
19,30,2,4.705215e+08
19,30,3,4.705215e+08
19,30,5,4.705215e+08
19,30,10,4.135123e+08
19,30,20,9.087232e+07
19,30,30,9.087232e+07
19,30,40,9.087232e+07
19,30,50,9.087232e+07
19,30,60,9.087232e+07
19,30,70,9.087232e+07
19,30,80,9.087232e+07
19,30,90,9.087232e+07
19,30,100,9.087232e+07
19,30,1,6.726643e+08
19,30,2,6.726643e+08
19,30,3,4.547334e+08
19,30,5,3.298244e+08
19,30,10,3.298244e+08
19,30,20,2.967802e+08
19,30,30,2.967802e+08
19,30,40,2.731132e+08
19,30,50,2.731132e+08
19,30,60,2.084528e+08
19,30,70,1.111312e+08
19,30,80,1.111312e+08
19,30,90,1.111312e+08
19,30,100,1.111312e+08
19,30,1,3.012329e+08
19,30,2,3.012329e+08
19,30,3,3.012329e+08
19,30,5,3.012329e+08
19,30,10,3.012329e+08
19,30,20,3.012329e+08
19,30,30,3.012329e+08
19,30,40,3.012329e+08
19,30,50,3.012329e+08
19,30,60,3.012329e+08
19,30,70,1.245794e+08
19,30,80,1.245794e+08
19,30,90,1.245794e+08
19,30,100,1.245794e+08
