funcid,dim,milestone,error
5,10,1,7.659773e+01
5,10,2,7.659773e+01
5,10,3,7.659773e+01
5,10,5,7.659773e+01
5,10,10,7.659773e+01
5,10,20,7.659773e+01
5,10,30,7.612074e+01
5,10,40,7.612074e+01
5,10,50,7.612074e+01
5,10,60,7.612074e+01
5,10,70,7.612074e+01
5,10,80,7.612074e+01
5,10,90,7.612074e+01
5,10,100,7.612074e+01
5,10,1,9.013322e+01
5,10,2,7.568572e+01
5,10,3,7.568572e+01
5,10,5,7.568572e+01
5,10,10,7.568572e+01
5,10,20,7.568572e+01
5,10,30,7.392868e+01
5,10,40,6.315542e+01
5,10,50,6.315542e+01
5,10,60,6.315542e+01
5,10,70,6.315542e+01
5,10,80,6.315542e+01
5,10,90,6.315542e+01
5,10,100,6.315542e+01
5,10,1,6.504057e+01
5,10,2,6.504057e+01
5,10,3,6.504057e+01
5,10,5,6.504057e+01
5,10,10,6.504057e+01
5,10,20,6.504057e+01
5,10,30,6.504057e+01
5,10,40,6.504057e+01
5,10,50,6.504057e+01
5,10,60,6.504057e+01
5,10,70,6.264472e+01
5,10,80,6.264472e+01
5,10,90,6.264472e+01
5,10,100,6.264472e+01
5,10,1,9.304318e+01
5,10,2,9.304318e+01
5,10,3,8.929947e+01
5,10,5,8.524161e+01
5,10,10,8.524161e+01
5,10,20,8.480961e+01
5,10,30,8.480961e+01
5,10,40,7.599246e+01
5,10,50,7.599246e+01
5,10,60,7.289872e+01
5,10,70,7.289872e+01
5,10,80,7.289872e+01
5,10,90,7.289872e+01
5,10,100,7.289872e+01
5,10,1,7.035451e+01
5,10,2,7.035451e+01
5,10,3,7.035451e+01
5,10,5,7.035451e+01
5,10,10,7.035451e+01
5,10,20,7.035451e+01
5,10,30,7.035451e+01
5,10,40,7.035451e+01
5,10,50,7.035451e+01
5,10,60,7.035451e+01
5,10,70,7.035451e+01
5,10,80,7.035451e+01
5,10,90,7.035451e+01
5,10,100,7.035451e+01
5,10,1,8.686041e+01
5,10,2,7.185026e+01
5,10,3,7.185026e+01
5,10,5,7.185026e+01
5,10,10,7.185026e+01
5,10,20,7.185026e+01
5,10,30,7.185026e+01
5,10,40,7.185026e+01
5,10,50,7.185026e+01
5,10,60,7.185026e+01
5,10,70,7.185026e+01
5,10,80,7.185026e+01
5,10,90,7.185026e+01
5,10,100,7.185026e+01
5,10,1,6.875023e+01
5,10,2,6.875023e+01
5,10,3,6.875023e+01
5,10,5,6.875023e+01
5,10,10,6.875023e+01
5,10,20,6.875023e+01
5,10,30,6.875023e+01
5,10,40,6.875023e+01
5,10,50,6.875023e+01
5,10,60,6.875023e+01
5,10,70,6.875023e+01
5,10,80,6.875023e+01
5,10,90,6.875023e+01
5,10,100,6.875023e+01
5,10,1,8.229255e+01
5,10,2,8.229255e+01
5,10,3,8.229255e+01
5,10,5,8.229255e+01
5,10,10,8.229255e+01
5,10,20,7.799325e+01
5,10,30,7.799325e+01
5,10,40,7.799325e+01
5,10,50,7.394139e+01
5,10,60,7.394139e+01
5,10,70,7.394139e+01
5,10,80,7.394139e+01
5,10,90,7.394139e+01
5,10,100,7.394139e+01
5,10,1,9.039540e+01
5,10,2,9.039540e+01
5,10,3,9.039540e+01
5,10,5,9.039540e+01
5,10,10,7.058189e+01
5,10,20,7.058189e+01
5,10,30,7.058189e+01
5,10,40,7.058189e+01
5,10,50,7.058189e+01
5,10,60,6.936975e+01
5,10,70,6.936975e+01
5,10,80,6.936975e+01
5,10,90,6.936975e+01
5,10,100,6.936975e+01
5,10,1,8.835232e+01
5,10,2,8.648754e+01
5,10,3,8.648754e+01
5,10,5,7.618109e+01
5,10,10,7.618109e+01
5,10,20,7.618109e+01
5,10,30,7.618109e+01
5,10,40,7.618109e+01
5,10,50,6.855054e+01
5,10,60,6.855054e+01
5,10,70,5.944744e+01
5,10,80,5.944744e+01
5,10,90,5.944744e+01
5,10,100,5.944744e+01
5,10,1,4.304635e+01
5,10,2,4.304635e+01
5,10,3,3.823626e+01
5,10,5,3.494030e+01
5,10,10,3.494030e+01
5,10,20,3.494030e+01
5,10,30,3.494030e+01
5,10,40,3.344643e+01
5,10,50,3.290186e+01
5,10,60,3.290186e+01
5,10,70,3.150326e+01
5,10,80,3.150326e+01
5,10,90,3.150326e+01
5,10,100,3.150326e+01
5,10,1,3.450671e+01
5,10,2,3.450671e+01
5,10,3,3.450671e+01
5,10,5,3.450671e+01
5,10,10,3.450671e+01
5,10,20,3.324481e+01
5,10,30,3.324481e+01
5,10,40,3.324481e+01
5,10,50,3.324481e+01
5,10,60,2.798419e+01
5,10,70,2.798419e+01
5,10,80,2.798419e+01
5,10,90,2.798419e+01
5,10,100,2.798419e+01
5,10,1,4.427322e+01
5,10,2,3.935094e+01
5,10,3,3.935094e+01
5,10,5,3.658194e+01
5,10,10,3.658194e+01
5,10,20,3.658194e+01
5,10,30,3.658194e+01
5,10,40,3.658194e+01
5,10,50,3.658194e+01
5,10,60,3.254573e+01
5,10,70,3.254573e+01
5,10,80,3.254573e+01
5,10,90,3.254573e+01
5,10,100,3.254573e+01
5,10,1,3.453695e+01
5,10,2,3.453695e+01
5,10,3,3.008688e+01
5,10,5,3.008688e+01
5,10,10,3.008688e+01
5,10,20,3.008688e+01
5,10,30,3.008688e+01
5,10,40,3.008688e+01
5,10,50,3.008688e+01
5,10,60,3.008688e+01
5,10,70,3.008688e+01
5,10,80,3.008688e+01
5,10,90,3.008688e+01
5,10,100,3.008688e+01
5,10,1,4.493080e+01
5,10,2,4.493080e+01
5,10,3,4.493080e+01
5,10,5,3.852202e+01
5,10,10,3.852202e+01
5,10,20,3.462031e+01
5,10,30,3.462031e+01
5,10,40,3.462031e+01
5,10,50,2.591895e+01
5,10,60,2.591895e+01
5,10,70,2.591895e+01
5,10,80,2.591895e+01
5,10,90,2.591895e+01
5,10,100,2.591895e+01
5,10,1,2.186794e+01
5,10,2,2.186794e+01
5,10,3,2.186794e+01
5,10,5,2.186794e+01
5,10,10,2.186794e+01
5,10,20,2.186794e+01
5,10,30,2.186794e+01
5,10,40,2.186794e+01
5,10,50,2.186794e+01
5,10,60,2.186794e+01
5,10,70,2.186794e+01
5,10,80,2.186794e+01
5,10,90,2.186794e+01
5,10,100,2.186794e+01
5,10,1,4.774460e+01
5,10,2,3.423364e+01
5,10,3,3.296419e+01
5,10,5,3.296419e+01
5,10,10,3.296419e+01
5,10,20,3.296419e+01
5,10,30,3.296419e+01
5,10,40,3.229068e+01
5,10,50,2.564095e+01
5,10,60,2.564095e+01
5,10,70,2.564095e+01
5,10,80,1.688342e+01
5,10,90,1.688342e+01
5,10,100,1.688342e+01
5,10,1,3.832690e+01
5,10,2,3.832690e+01
5,10,3,3.832690e+01
5,10,5,3.019255e+01
5,10,10,3.019255e+01
5,10,20,3.019255e+01
5,10,30,2.569089e+01
5,10,40,2.569089e+01
5,10,50,2.569089e+01
5,10,60,2.569089e+01
5,10,70,2.569089e+01
5,10,80,2.334996e+01
5,10,90,2.334996e+01
5,10,100,2.334996e+01
5,10,1,2.830963e+01
5,10,2,2.830963e+01
5,10,3,2.830963e+01
5,10,5,2.830963e+01
5,10,10,2.830963e+01
5,10,20,2.830963e+01
5,10,30,2.830963e+01
5,10,40,2.830963e+01
5,10,50,2.830963e+01
5,10,60,2.830963e+01
5,10,70,2.830963e+01
5,10,80,2.830963e+01
5,10,90,2.830963e+01
5,10,100,2.830963e+01
5,10,1,2.786719e+01
5,10,2,2.786719e+01
5,10,3,2.786719e+01
5,10,5,2.786719e+01
5,10,10,2.786719e+01
5,10,20,2.786719e+01
5,10,30,2.786719e+01
5,10,40,2.786719e+01
5,10,50,2.786719e+01
5,10,60,2.786719e+01
5,10,70,2.786719e+01
5,10,80,2.786719e+01
5,10,90,2.786719e+01
5,10,100,2.786719e+01
5,10,1,8.327117e+01
5,10,2,7.059883e+01
5,10,3,6.619251e+01
5,10,5,6.467046e+01
5,10,10,4.800315e+01
5,10,20,4.682492e+01
5,10,30,4.682492e+01
5,10,40,4.682492e+01
5,10,50,4.682492e+01
5,10,60,4.433974e+01
5,10,70,4.433974e+01
5,10,80,4.433974e+01
5,10,90,4.433974e+01
5,10,100,2.592323e+01
5,10,1,5.377730e+01
5,10,2,5.377730e+01
5,10,3,5.377730e+01
5,10,5,5.377730e+01
5,10,10,5.377730e+01
5,10,20,4.052155e+01
5,10,30,4.052155e+01
5,10,40,3.946354e+01
5,10,50,3.337894e+01
5,10,60,3.337894e+01
5,10,70,3.337894e+01
5,10,80,3.337894e+01
5,10,90,3.337894e+01
5,10,100,3.337894e+01
5,10,1,6.479197e+01
5,10,2,6.441711e+01
5,10,3,6.051401e+01
5,10,5,4.278792e+01
5,10,10,4.278792e+01
5,10,20,4.278792e+01
5,10,30,4.278792e+01
5,10,40,4.278792e+01
5,10,50,3.384959e+01
5,10,60,3.384959e+01
5,10,70,3.384959e+01
5,10,80,3.384959e+01
5,10,90,3.384959e+01
5,10,100,3.384959e+01
5,10,1,6.594557e+01
5,10,2,5.673520e+01
5,10,3,5.673520e+01
5,10,5,5.317577e+01
5,10,10,5.122716e+01
5,10,20,4.598694e+01
5,10,30,4.470921e+01
5,10,40,4.470921e+01
5,10,50,4.470921e+01
5,10,60,4.470921e+01
5,10,70,4.470921e+01
5,10,80,3.289594e+01
5,10,90,3.289594e+01
5,10,100,3.289594e+01
5,10,1,8.190966e+01
5,10,2,6.199621e+01
5,10,3,5.422928e+01
5,10,5,5.422928e+01
5,10,10,5.422928e+01
5,10,20,4.902496e+01
5,10,30,4.902496e+01
5,10,40,4.002767e+01
5,10,50,4.002767e+01
5,10,60,4.002767e+01
5,10,70,4.002767e+01
5,10,80,3.473547e+01
5,10,90,3.473547e+01
5,10,100,3.473547e+01
5,10,1,6.706891e+01
5,10,2,6.706891e+01
5,10,3,6.706891e+01
5,10,5,4.957876e+01
5,10,10,4.957876e+01
5,10,20,4.957876e+01
5,10,30,4.185472e+01
5,10,40,4.185472e+01
5,10,50,4.185472e+01
5,10,60,4.185472e+01
5,10,70,4.185472e+01
5,10,80,4.185472e+01
5,10,90,4.185472e+01
5,10,100,4.185472e+01
5,10,1,7.165457e+01
5,10,2,7.165457e+01
5,10,3,7.165457e+01
5,10,5,7.068306e+01
5,10,10,3.626054e+01
5,10,20,3.626054e+01
5,10,30,3.626054e+01
5,10,40,3.626054e+01
5,10,50,3.626054e+01
5,10,60,3.626054e+01
5,10,70,3.626054e+01
5,10,80,3.626054e+01
5,10,90,3.626054e+01
5,10,100,3.626054e+01
5,10,1,7.657499e+01
5,10,2,7.657499e+01
5,10,3,4.223787e+01
5,10,5,4.223787e+01
5,10,10,4.223787e+01
5,10,20,3.326822e+01
5,10,30,3.326822e+01
5,10,40,3.326822e+01
5,10,50,3.326822e+01
5,10,60,3.326822e+01
5,10,70,3.326822e+01
5,10,80,3.326822e+01
5,10,90,3.326822e+01
5,10,100,3.326822e+01
5,10,1,5.717683e+01
5,10,2,5.717683e+01
5,10,3,5.717683e+01
5,10,5,5.717683e+01
5,10,10,5.163982e+01
5,10,20,5.163982e+01
5,10,30,4.127958e+01
5,10,40,4.127958e+01
5,10,50,4.127958e+01
5,10,60,4.127958e+01
5,10,70,4.127958e+01
5,10,80,4.127958e+01
5,10,90,4.127958e+01
5,10,100,4.127958e+01
5,10,1,6.517036e+01
5,10,2,6.517036e+01
5,10,3,5.302786e+01
5,10,5,5.238834e+01
5,10,10,4.008805e+01
5,10,20,4.008805e+01
5,10,30,4.008805e+01
5,10,40,4.008805e+01
5,10,50,4.008805e+01
5,10,60,2.712415e+01
5,10,70,2.712415e+01
5,10,80,2.712415e+01
5,10,90,2.383894e+01
5,10,100,2.383894e+01
