funcid,dim,milestone,error
10,30,1,7.316939e+03
10,30,2,7.192741e+03
10,30,3,7.192741e+03
10,30,5,7.192741e+03
10,30,10,7.192741e+03
10,30,20,7.192741e+03
10,30,30,7.192741e+03
10,30,40,7.192741e+03
10,30,50,7.192741e+03
10,30,60,7.192741e+03
10,30,70,6.934782e+03
10,30,80,6.934782e+03
10,30,90,6.934782e+03
10,30,100,6.934782e+03
10,30,1,7.246251e+03
10,30,2,7.246251e+03
10,30,3,6.515473e+03
10,30,5,6.515473e+03
10,30,10,6.515473e+03
10,30,20,6.515473e+03
10,30,30,6.515473e+03
10,30,40,6.515473e+03
10,30,50,6.515473e+03
10,30,60,6.515473e+03
10,30,70,6.515473e+03
10,30,80,6.515473e+03
10,30,90,6.515473e+03
10,30,100,6.515473e+03
10,30,1,6.454649e+03
10,30,2,6.454649e+03
10,30,3,6.454649e+03
10,30,5,6.454649e+03
10,30,10,6.454649e+03
10,30,20,6.454649e+03
10,30,30,6.454649e+03
10,30,40,6.454649e+03
10,30,50,6.454649e+03
10,30,60,6.454649e+03
10,30,70,6.454649e+03
10,30,80,6.454649e+03
10,30,90,6.454649e+03
10,30,100,6.454649e+03
10,30,1,6.624275e+03
10,30,2,6.624275e+03
10,30,3,6.624275e+03
10,30,5,6.624275e+03
10,30,10,6.624275e+03
10,30,20,6.624275e+03
10,30,30,6.624275e+03
10,30,40,6.624275e+03
10,30,50,6.624275e+03
10,30,60,6.624275e+03
10,30,70,6.624275e+03
10,30,80,6.624275e+03
10,30,90,6.624275e+03
10,30,100,6.624275e+03
10,30,1,7.201087e+03
10,30,2,6.944098e+03
10,30,3,6.944098e+03
10,30,5,6.944098e+03
10,30,10,6.944098e+03
10,30,20,6.944098e+03
10,30,30,6.944098e+03
10,30,40,6.944098e+03
10,30,50,6.944098e+03
10,30,60,6.944098e+03
10,30,70,6.944098e+03
10,30,80,6.916895e+03
10,30,90,6.916895e+03
10,30,100,6.916895e+03
10,30,1,6.837660e+03
10,30,2,6.837660e+03
10,30,3,6.837660e+03
10,30,5,6.837660e+03
10,30,10,6.837660e+03
10,30,20,6.552399e+03
10,30,30,6.552399e+03
10,30,40,6.552399e+03
10,30,50,6.552399e+03
10,30,60,6.552399e+03
10,30,70,6.552399e+03
10,30,80,6.552399e+03
10,30,90,6.552399e+03
10,30,100,6.552399e+03
10,30,1,7.225889e+03
10,30,2,7.225889e+03
10,30,3,7.225889e+03
10,30,5,7.225889e+03
10,30,10,5.717755e+03
10,30,20,5.717755e+03
10,30,30,5.717755e+03
10,30,40,5.717755e+03
10,30,50,5.717755e+03
10,30,60,5.717755e+03
10,30,70,5.717755e+03
10,30,80,5.717755e+03
10,30,90,5.717755e+03
10,30,100,5.717755e+03
10,30,1,7.179901e+03
10,30,2,7.179901e+03
10,30,3,7.179901e+03
10,30,5,7.179901e+03
10,30,10,7.098164e+03
10,30,20,7.098164e+03
10,30,30,7.098164e+03
10,30,40,7.098164e+03
10,30,50,7.098164e+03
10,30,60,7.098164e+03
10,30,70,7.098164e+03
10,30,80,7.098164e+03
10,30,90,7.098164e+03
10,30,100,7.098164e+03
10,30,1,6.331282e+03
10,30,2,6.331282e+03
10,30,3,6.331282e+03
10,30,5,6.331282e+03
10,30,10,6.331282e+03
10,30,20,6.331282e+03
10,30,30,6.331282e+03
10,30,40,6.331282e+03
10,30,50,6.331282e+03
10,30,60,6.331282e+03
10,30,70,6.331282e+03
10,30,80,6.331282e+03
10,30,90,6.331282e+03
10,30,100,6.331282e+03
10,30,1,6.547180e+03
10,30,2,6.547180e+03
10,30,3,6.547180e+03
10,30,5,6.547180e+03
10,30,10,6.547180e+03
10,30,20,6.547180e+03
10,30,30,6.547180e+03
10,30,40,6.547180e+03
10,30,50,6.547180e+03
10,30,60,6.547180e+03
10,30,70,6.547180e+03
10,30,80,6.547180e+03
10,30,90,6.547180e+03
10,30,100,6.547180e+03
10,30,1,5.470801e+03
10,30,2,5.389449e+03
10,30,3,5.234828e+03
10,30,5,5.234828e+03
10,30,10,5.234828e+03
10,30,20,5.234828e+03
10,30,30,5.199550e+03
10,30,40,5.199550e+03
10,30,50,5.199550e+03
10,30,60,4.953596e+03
10,30,70,4.953596e+03
10,30,80,4.782315e+03
10,30,90,4.782315e+03
10,30,100,4.782315e+03
10,30,1,4.828519e+03
10,30,2,4.828519e+03
10,30,3,4.828519e+03
10,30,5,4.828519e+03
10,30,10,4.828519e+03
10,30,20,4.710484e+03
10,30,30,4.710484e+03
10,30,40,4.710484e+03
10,30,50,4.710484e+03
10,30,60,4.710484e+03
10,30,70,4.710484e+03
10,30,80,4.710484e+03
10,30,90,4.710484e+03
10,30,100,4.710484e+03
10,30,1,5.165356e+03
10,30,2,5.165356e+03
10,30,3,5.165356e+03
10,30,5,5.165356e+03
10,30,10,5.165356e+03
10,30,20,4.881423e+03
10,30,30,4.881423e+03
10,30,40,4.881423e+03
10,30,50,4.881423e+03
10,30,60,4.881423e+03
10,30,70,4.843384e+03
10,30,80,4.843384e+03
10,30,90,4.843384e+03
10,30,100,4.352477e+03
10,30,1,5.130008e+03
10,30,2,5.130008e+03
10,30,3,5.130008e+03
10,30,5,5.130008e+03
10,30,10,5.130008e+03
10,30,20,5.130008e+03
10,30,30,5.130008e+03
10,30,40,4.911875e+03
10,30,50,4.897628e+03
10,30,60,4.897628e+03
10,30,70,4.897628e+03
10,30,80,4.897628e+03
10,30,90,4.859418e+03
10,30,100,4.859418e+03
10,30,1,5.531618e+03
10,30,2,4.525788e+03
10,30,3,4.525788e+03
10,30,5,4.525788e+03
10,30,10,4.525788e+03
10,30,20,4.525788e+03
10,30,30,4.525788e+03
10,30,40,4.525788e+03
10,30,50,4.525788e+03
10,30,60,4.247703e+03
10,30,70,4.247703e+03
10,30,80,4.247703e+03
10,30,90,4.247703e+03
10,30,100,4.247703e+03
10,30,1,5.353303e+03
10,30,2,5.353303e+03
10,30,3,5.341904e+03
10,30,5,5.341904e+03
10,30,10,5.341904e+03
10,30,20,5.341904e+03
10,30,30,4.915090e+03
10,30,40,4.915090e+03
10,30,50,4.915090e+03
10,30,60,4.915090e+03
10,30,70,4.115881e+03
10,30,80,4.115881e+03
10,30,90,4.115881e+03
10,30,100,4.115881e+03
10,30,1,5.480393e+03
10,30,2,5.480393e+03
10,30,3,5.197275e+03
10,30,5,5.197275e+03
10,30,10,5.197275e+03
10,30,20,5.099544e+03
10,30,30,5.033416e+03
10,30,40,5.016949e+03
10,30,50,5.016949e+03
10,30,60,5.016949e+03
10,30,70,5.016949e+03
10,30,80,5.016949e+03
10,30,90,5.016949e+03
10,30,100,5.016949e+03
10,30,1,4.444665e+03
10,30,2,4.444665e+03
10,30,3,4.444665e+03
10,30,5,4.444665e+03
10,30,10,4.444665e+03
10,30,20,4.444665e+03
10,30,30,4.444665e+03
10,30,40,4.444665e+03
10,30,50,4.444665e+03
10,30,60,4.444665e+03
10,30,70,4.444665e+03
10,30,80,4.444665e+03
10,30,90,4.389688e+03
10,30,100,4.389688e+03
10,30,1,5.162224e+03
10,30,2,5.067639e+03
10,30,3,5.067639e+03
10,30,5,4.860752e+03
10,30,10,4.860752e+03
10,30,20,4.563282e+03
10,30,30,4.563282e+03
10,30,40,4.563282e+03
10,30,50,4.563282e+03
10,30,60,4.563282e+03
10,30,70,4.563282e+03
10,30,80,4.453299e+03
10,30,90,4.453299e+03
10,30,100,4.453299e+03
10,30,1,5.891549e+03
10,30,2,4.700972e+03
10,30,3,4.700972e+03
10,30,5,4.700972e+03
10,30,10,4.700972e+03
10,30,20,4.082126e+03
10,30,30,4.082126e+03
10,30,40,4.082126e+03
10,30,50,4.082126e+03
10,30,60,4.082126e+03
10,30,70,4.082126e+03
10,30,80,4.082126e+03
10,30,90,4.082126e+03
10,30,100,4.082126e+03
10,30,1,6.586610e+03
10,30,2,6.369518e+03
10,30,3,6.369518e+03
10,30,5,6.171876e+03
10,30,10,6.171876e+03
10,30,20,5.730698e+03
10,30,30,5.537813e+03
10,30,40,5.537813e+03
10,30,50,5.537813e+03
10,30,60,5.537813e+03
10,30,70,5.537813e+03
10,30,80,5.537813e+03
10,30,90,5.537813e+03
10,30,100,5.537813e+03
10,30,1,6.024900e+03
10,30,2,6.024900e+03
10,30,3,6.024900e+03
10,30,5,6.024900e+03
10,30,10,5.999932e+03
10,30,20,5.999932e+03
10,30,30,5.815695e+03
10,30,40,5.646865e+03
10,30,50,5.646865e+03
10,30,60,5.646865e+03
10,30,70,5.646865e+03
10,30,80,5.646865e+03
10,30,90,5.646865e+03
10,30,100,5.646865e+03
10,30,1,6.233212e+03
10,30,2,6.233212e+03
10,30,3,6.233212e+03
10,30,5,6.233212e+03
10,30,10,6.183166e+03
10,30,20,5.924245e+03
10,30,30,5.548347e+03
10,30,40,5.548347e+03
10,30,50,5.405714e+03
10,30,60,5.405714e+03
10,30,70,5.405714e+03
10,30,80,5.405714e+03
10,30,90,5.198553e+03
10,30,100,5.198553e+03
10,30,1,5.926813e+03
10,30,2,5.926813e+03
10,30,3,5.926813e+03
10,30,5,5.926813e+03
10,30,10,5.926813e+03
10,30,20,5.926813e+03
10,30,30,5.926813e+03
10,30,40,5.926813e+03
10,30,50,5.926813e+03
10,30,60,5.069615e+03
10,30,70,5.069615e+03
10,30,80,5.069615e+03
10,30,90,5.069615e+03
10,30,100,5.069615e+03
10,30,1,6.284429e+03
10,30,2,6.284429e+03
10,30,3,6.284429e+03
10,30,5,6.284429e+03
10,30,10,6.099335e+03
10,30,20,5.816495e+03
10,30,30,5.816495e+03
10,30,40,5.630477e+03
10,30,50,5.630477e+03
10,30,60,5.630477e+03
10,30,70,5.630477e+03
10,30,80,5.630477e+03
10,30,90,5.630477e+03
10,30,100,5.630477e+03
10,30,1,6.424691e+03
10,30,2,6.424691e+03
10,30,3,6.195154e+03
10,30,5,6.195154e+03
10,30,10,5.906179e+03
10,30,20,5.816941e+03
10,30,30,5.816941e+03
10,30,40,5.816941e+03
10,30,50,5.816941e+03
10,30,60,5.816941e+03
10,30,70,5.816941e+03
10,30,80,5.816941e+03
10,30,90,5.816941e+03
10,30,100,5.816941e+03
10,30,1,6.585119e+03
10,30,2,6.510038e+03
10,30,3,6.510038e+03
10,30,5,6.510038e+03
10,30,10,5.742972e+03
10,30,20,5.742972e+03
10,30,30,5.742972e+03
10,30,40,5.742972e+03
10,30,50,5.742972e+03
10,30,60,5.622234e+03
10,30,70,5.547831e+03
10,30,80,5.547831e+03
10,30,90,5.547831e+03
10,30,100,5.547831e+03
10,30,1,6.743405e+03
10,30,2,6.549546e+03
10,30,3,6.549546e+03
10,30,5,6.419852e+03
10,30,10,6.372537e+03
10,30,20,5.701995e+03
10,30,30,5.684519e+03
10,30,40,5.684519e+03
10,30,50,5.684519e+03
10,30,60,5.684519e+03
10,30,70,5.684519e+03
10,30,80,5.684519e+03
10,30,90,5.684519e+03
10,30,100,5.684519e+03
10,30,1,6.746184e+03
10,30,2,6.746184e+03
10,30,3,6.570281e+03
10,30,5,6.570281e+03
10,30,10,6.377850e+03
10,30,20,5.315549e+03
10,30,30,5.315549e+03
10,30,40,5.315549e+03
10,30,50,5.315549e+03
10,30,60,5.315549e+03
10,30,70,5.315549e+03
10,30,80,5.315549e+03
10,30,90,5.315549e+03
10,30,100,5.315549e+03
10,30,1,6.733205e+03
10,30,2,6.530681e+03
10,30,3,6.530681e+03
10,30,5,6.081937e+03
10,30,10,6.010466e+03
10,30,20,5.584900e+03
10,30,30,5.584900e+03
10,30,40,5.298716e+03
10,30,50,5.298716e+03
10,30,60,5.298716e+03
10,30,70,5.298716e+03
10,30,80,5.298716e+03
10,30,90,5.298716e+03
10,30,100,5.298716e+03
