funcid,dim,milestone,error
12,10,1,1.686803e+08
12,10,2,9.555864e+07
12,10,3,9.555864e+07
12,10,5,9.555864e+07
12,10,10,9.555864e+07
12,10,20,9.555864e+07
12,10,30,6.119617e+07
12,10,40,6.119617e+07
12,10,50,6.119617e+07
12,10,60,6.119617e+07
12,10,70,6.119617e+07
12,10,80,6.119617e+07
12,10,90,6.119617e+07
12,10,100,6.119617e+07
12,10,1,3.523582e+08
12,10,2,1.086239e+08
12,10,3,1.086239e+08
12,10,5,1.086239e+08
12,10,10,1.075170e+08
12,10,20,4.408650e+07
12,10,30,4.408650e+07
12,10,40,4.408650e+07
12,10,50,4.408650e+07
12,10,60,4.145436e+07
12,10,70,4.145436e+07
12,10,80,4.145436e+07
12,10,90,2.713367e+07
12,10,100,2.713367e+07
12,10,1,1.383910e+08
12,10,2,1.383910e+08
12,10,3,1.383910e+08
12,10,5,1.383910e+08
12,10,10,1.383910e+08
12,10,20,1.383910e+08
12,10,30,1.383910e+08
12,10,40,2.730703e+07
12,10,50,2.730703e+07
12,10,60,2.730703e+07
12,10,70,2.730703e+07
12,10,80,2.730703e+07
12,10,90,2.730703e+07
12,10,100,2.730703e+07
12,10,1,1.572077e+08
12,10,2,6.528592e+07
12,10,3,6.528592e+07
12,10,5,6.528592e+07
12,10,10,6.528592e+07
12,10,20,6.528592e+07
12,10,30,6.528592e+07
12,10,40,6.528592e+07
12,10,50,6.528592e+07
12,10,60,6.528592e+07
12,10,70,1.808739e+07
12,10,80,1.808739e+07
12,10,90,1.808739e+07
12,10,100,1.808739e+07
12,10,1,1.323402e+08
12,10,2,1.323402e+08
12,10,3,1.323402e+08
12,10,5,1.323402e+08
12,10,10,1.323402e+08
12,10,20,1.323402e+08
12,10,30,9.544749e+07
12,10,40,9.544749e+07
12,10,50,9.544749e+07
12,10,60,9.544749e+07
12,10,70,9.465977e+07
12,10,80,9.465977e+07
12,10,90,6.134911e+07
12,10,100,6.134911e+07
12,10,1,2.695248e+08
12,10,2,2.695248e+08
12,10,3,1.934558e+08
12,10,5,5.010143e+07
12,10,10,5.010143e+07
12,10,20,5.010143e+07
12,10,30,5.010143e+07
12,10,40,5.010143e+07
12,10,50,5.010143e+07
12,10,60,5.010143e+07
12,10,70,5.010143e+07
12,10,80,5.010143e+07
12,10,90,5.010143e+07
12,10,100,5.010143e+07
12,10,1,1.037484e+08
12,10,2,1.037484e+08
12,10,3,1.037484e+08
12,10,5,1.037484e+08
12,10,10,1.037484e+08
12,10,20,1.037484e+08
12,10,30,1.037484e+08
12,10,40,7.814262e+07
12,10,50,7.814262e+07
12,10,60,7.814262e+07
12,10,70,7.814262e+07
12,10,80,7.814262e+07
12,10,90,7.814262e+07
12,10,100,7.814262e+07
12,10,1,4.786636e+07
12,10,2,4.786636e+07
12,10,3,4.786636e+07
12,10,5,4.786636e+07
12,10,10,4.786636e+07
12,10,20,4.786636e+07
12,10,30,4.786636e+07
12,10,40,2.250343e+07
12,10,50,2.250343e+07
12,10,60,2.250343e+07
12,10,70,2.250343e+07
12,10,80,2.250343e+07
12,10,90,2.250343e+07
12,10,100,2.250343e+07
12,10,1,1.547696e+08
12,10,2,1.309790e+08
12,10,3,1.309790e+08
12,10,5,8.179434e+07
12,10,10,8.179434e+07
12,10,20,1.765503e+07
12,10,30,1.765503e+07
12,10,40,1.765503e+07
12,10,50,1.765503e+07
12,10,60,1.765503e+07
12,10,70,1.765503e+07
12,10,80,1.765503e+07
12,10,90,1.765503e+07
12,10,100,1.765503e+07
12,10,1,3.543640e+08
12,10,2,3.543640e+08
12,10,3,2.188603e+08
12,10,5,1.169986e+08
12,10,10,1.169986e+08
12,10,20,8.198609e+07
12,10,30,8.198609e+07
12,10,40,7.737281e+07
12,10,50,5.541742e+07
12,10,60,5.541742e+07
12,10,70,5.541742e+07
12,10,80,5.541742e+07
12,10,90,5.541742e+07
12,10,100,5.541742e+07
12,10,1,6.319704e+06
12,10,2,6.319704e+06
12,10,3,6.319704e+06
12,10,5,6.319704e+06
12,10,10,6.319704e+06
12,10,20,6.319704e+06
12,10,30,6.319704e+06
12,10,40,6.319704e+06
12,10,50,6.319704e+06
12,10,60,6.319704e+06
12,10,70,6.319704e+06
12,10,80,6.319704e+06
12,10,90,6.319704e+06
12,10,100,6.319704e+06
12,10,1,3.023623e+07
12,10,2,1.311455e+07
12,10,3,1.311455e+07
12,10,5,1.311455e+07
12,10,10,1.311455e+07
12,10,20,1.117102e+07
12,10,30,8.514492e+06
12,10,40,8.514492e+06
12,10,50,8.514492e+06
12,10,60,8.514492e+06
12,10,70,7.027563e+06
12,10,80,6.726200e+06
12,10,90,6.726200e+06
12,10,100,6.594739e+06
12,10,1,2.465005e+07
12,10,2,6.367039e+06
12,10,3,6.367039e+06
12,10,5,6.367039e+06
12,10,10,6.367039e+06
12,10,20,6.367039e+06
12,10,30,6.367039e+06
12,10,40,6.367039e+06
12,10,50,6.367039e+06
12,10,60,1.725571e+06
12,10,70,1.725571e+06
12,10,80,1.725571e+06
12,10,90,1.725571e+06
12,10,100,1.725571e+06
12,10,1,2.583114e+07
12,10,2,2.583114e+07
12,10,3,2.583114e+07
12,10,5,2.149731e+07
12,10,10,2.149731e+07
12,10,20,1.964424e+07
12,10,30,1.964424e+07
12,10,40,5.429810e+06
12,10,50,5.429810e+06
12,10,60,1.703981e+06
12,10,70,1.703981e+06
12,10,80,1.703981e+06
12,10,90,1.703981e+06
12,10,100,1.703981e+06
12,10,1,2.438004e+07
12,10,2,2.438004e+07
12,10,3,2.438004e+07
12,10,5,9.691055e+06
12,10,10,9.691055e+06
12,10,20,9.691055e+06
12,10,30,6.818409e+06
12,10,40,6.818409e+06
12,10,50,6.818409e+06
12,10,60,6.818409e+06
12,10,70,6.818409e+06
12,10,80,6.818409e+06
12,10,90,6.818409e+06
12,10,100,6.818409e+06
12,10,1,1.139031e+07
12,10,2,1.139031e+07
12,10,3,3.631454e+06
12,10,5,3.631454e+06
12,10,10,3.631454e+06
12,10,20,3.631454e+06
12,10,30,3.631454e+06
12,10,40,3.631454e+06
12,10,50,3.631454e+06
12,10,60,3.631454e+06
12,10,70,3.631454e+06
12,10,80,3.631454e+06
12,10,90,3.631454e+06
12,10,100,3.631454e+06
12,10,1,2.056356e+07
12,10,2,2.056356e+07
12,10,3,2.056356e+07
12,10,5,2.056356e+07
12,10,10,1.827879e+07
12,10,20,1.827879e+07
12,10,30,3.923120e+06
12,10,40,3.923120e+06
12,10,50,3.923120e+06
12,10,60,3.923120e+06
12,10,70,2.309766e+06
12,10,80,2.309766e+06
12,10,90,2.309766e+06
12,10,100,2.309766e+06
12,10,1,3.742369e+07
12,10,2,2.052491e+07
12,10,3,2.052491e+07
12,10,5,2.052491e+07
12,10,10,2.052491e+07
12,10,20,1.564041e+07
12,10,30,1.449164e+07
12,10,40,1.235948e+07
12,10,50,1.235948e+07
12,10,60,1.235948e+07
12,10,70,1.235948e+07
12,10,80,9.131441e+06
12,10,90,9.131441e+06
12,10,100,9.131441e+06
12,10,1,6.139467e+06
12,10,2,6.139467e+06
12,10,3,6.139467e+06
12,10,5,6.139467e+06
12,10,10,6.139467e+06
12,10,20,6.139467e+06
12,10,30,6.139467e+06
12,10,40,6.139467e+06
12,10,50,6.139467e+06
12,10,60,6.139467e+06
12,10,70,6.139467e+06
12,10,80,6.139467e+06
12,10,90,6.139467e+06
12,10,100,6.139467e+06
12,10,1,1.169281e+07
12,10,2,1.169281e+07
12,10,3,1.169281e+07
12,10,5,1.169281e+07
12,10,10,1.169281e+07
12,10,20,1.169281e+07
12,10,30,9.072915e+06
12,10,40,9.072915e+06
12,10,50,9.072915e+06
12,10,60,3.499342e+06
12,10,70,3.499342e+06
12,10,80,3.499342e+06
12,10,90,3.499342e+06
12,10,100,3.499342e+06
12,10,1,2.557431e+08
12,10,2,2.557431e+08
12,10,3,6.104948e+07
12,10,5,2.258885e+07
12,10,10,2.258885e+07
12,10,20,1.288339e+07
12,10,30,1.288339e+07
12,10,40,1.288339e+07
12,10,50,1.288339e+07
12,10,60,1.178012e+07
12,10,70,5.313610e+06
12,10,80,5.313610e+06
12,10,90,5.313610e+06
12,10,100,5.313610e+06
12,10,1,3.565737e+07
12,10,2,3.565737e+07
12,10,3,3.565737e+07
12,10,5,3.565737e+07
12,10,10,8.743721e+06
12,10,20,8.743721e+06
12,10,30,8.743721e+06
12,10,40,8.743721e+06
12,10,50,8.743721e+06
12,10,60,8.743721e+06
12,10,70,8.743721e+06
12,10,80,8.743721e+06
12,10,90,8.743721e+06
12,10,100,8.743721e+06
12,10,1,9.768267e+07
12,10,2,5.431900e+07
12,10,3,5.431900e+07
12,10,5,5.431900e+07
12,10,10,4.625860e+07
12,10,20,3.429142e+07
12,10,30,3.093235e+07
12,10,40,2.470415e+07
12,10,50,2.470415e+07
12,10,60,2.413281e+07
12,10,70,2.413281e+07
12,10,80,2.413281e+07
12,10,90,1.042591e+07
12,10,100,1.042591e+07
12,10,1,7.830932e+07
12,10,2,7.830932e+07
12,10,3,6.334271e+07
12,10,5,6.334271e+07
12,10,10,2.026615e+07
12,10,20,2.026615e+07
12,10,30,1.655969e+07
12,10,40,1.655969e+07
12,10,50,1.209591e+07
12,10,60,1.209591e+07
12,10,70,1.209591e+07
12,10,80,1.209591e+07
12,10,90,1.209591e+07
12,10,100,1.209591e+07
12,10,1,2.835248e+08
12,10,2,4.353748e+07
12,10,3,4.353748e+07
12,10,5,4.182467e+07
12,10,10,4.182447e+07
12,10,20,4.182447e+07
12,10,30,4.182447e+07
12,10,40,1.852925e+07
12,10,50,6.188279e+06
12,10,60,6.188279e+06
12,10,70,6.188279e+06
12,10,80,6.188279e+06
12,10,90,6.188279e+06
12,10,100,4.502688e+06
12,10,1,2.290980e+08
12,10,2,4.740722e+07
12,10,3,4.740722e+07
12,10,5,4.740722e+07
12,10,10,4.728981e+07
12,10,20,8.685522e+06
12,10,30,8.685522e+06
12,10,40,8.685522e+06
12,10,50,8.685522e+06
12,10,60,8.685522e+06
12,10,70,8.685522e+06
12,10,80,8.685522e+06
12,10,90,8.685522e+06
12,10,100,8.685522e+06
12,10,1,3.247865e+07
12,10,2,3.247865e+07
12,10,3,3.247865e+07
12,10,5,3.247865e+07
12,10,10,3.247865e+07
12,10,20,2.339517e+07
12,10,30,2.339517e+07
12,10,40,2.339517e+07
12,10,50,2.339517e+07
12,10,60,1.410090e+07
12,10,70,1.410090e+07
12,10,80,1.410090e+07
12,10,90,1.410090e+07
12,10,100,1.410090e+07
12,10,1,4.119875e+07
12,10,2,4.119875e+07
12,10,3,4.119875e+07
12,10,5,1.541476e+07
12,10,10,1.541476e+07
12,10,20,1.541476e+07
12,10,30,1.541476e+07
12,10,40,1.541476e+07
12,10,50,1.541476e+07
12,10,60,1.541476e+07
12,10,70,1.185107e+07
12,10,80,1.185107e+07
12,10,90,1.185107e+07
12,10,100,1.185107e+07
12,10,1,1.839726e+08
12,10,2,7.766926e+07
12,10,3,7.766926e+07
12,10,5,7.766926e+07
12,10,10,6.887556e+07
12,10,20,5.429415e+07
12,10,30,1.026460e+07
12,10,40,1.026460e+07
12,10,50,1.026460e+07
12,10,60,1.026460e+07
12,10,70,1.026460e+07
12,10,80,1.026460e+07
12,10,90,1.026460e+07
12,10,100,1.026460e+07
12,10,1,3.466586e+07
12,10,2,3.466586e+07
12,10,3,3.466586e+07
12,10,5,1.066754e+07
12,10,10,7.903407e+06
12,10,20,7.903407e+06
12,10,30,7.903407e+06
12,10,40,7.903407e+06
12,10,50,7.903407e+06
12,10,60,7.903407e+06
12,10,70,7.903407e+06
12,10,80,7.903407e+06
12,10,90,7.903407e+06
12,10,100,7.903407e+06
