funcid,dim,milestone,error
15,30,1,4.507298e+08
15,30,2,4.507298e+08
15,30,3,4.507298e+08
15,30,5,4.507298e+08
15,30,10,4.507298e+08
15,30,20,2.976555e+08
15,30,30,2.976555e+08
15,30,40,2.976555e+08
15,30,50,2.297133e+08
15,30,60,2.297133e+08
15,30,70,2.297133e+08
15,30,80,2.297133e+08
15,30,90,2.297133e+08
15,30,100,2.297133e+08
15,30,1,8.433916e+08
15,30,2,5.600105e+08
15,30,3,3.265013e+08
15,30,5,3.265013e+08
15,30,10,3.265013e+08
15,30,20,2.056909e+08
15,30,30,2.056909e+08
15,30,40,1.028101e+08
15,30,50,1.028101e+08
15,30,60,1.028101e+08
15,30,70,1.028101e+08
15,30,80,1.028101e+08
15,30,90,1.028101e+08
15,30,100,1.028101e+08
15,30,1,9.825715e+08
15,30,2,9.704893e+08
15,30,3,9.704893e+08
15,30,5,7.833619e+08
15,30,10,2.313360e+08
15,30,20,2.313360e+08
15,30,30,2.313360e+08
15,30,40,2.313360e+08
15,30,50,2.313360e+08
15,30,60,2.313360e+08
15,30,70,1.336317e+08
15,30,80,1.336317e+08
15,30,90,1.061944e+08
15,30,100,1.061944e+08
15,30,1,3.820351e+08
15,30,2,3.820351e+08
15,30,3,3.820351e+08
15,30,5,3.820351e+08
15,30,10,3.820351e+08
15,30,20,3.389102e+08
15,30,30,2.245831e+08
15,30,40,2.245831e+08
15,30,50,2.245831e+08
15,30,60,2.245831e+08
15,30,70,2.245831e+08
15,30,80,2.245831e+08
15,30,90,2.245831e+08
15,30,100,2.245831e+08
15,30,1,3.393343e+08
15,30,2,3.393343e+08
15,30,3,3.393343e+08
15,30,5,3.393343e+08
15,30,10,3.393343e+08
15,30,20,3.393343e+08
15,30,30,3.393343e+08
15,30,40,3.393343e+08
15,30,50,3.127147e+08
15,30,60,3.127147e+08
15,30,70,3.127147e+08
15,30,80,3.127147e+08
15,30,90,3.127147e+08
15,30,100,3.127147e+08
15,30,1,1.231219e+09
15,30,2,1.228347e+09
15,30,3,1.228347e+09
15,30,5,7.616849e+08
15,30,10,1.043813e+08
15,30,20,1.043813e+08
15,30,30,1.043813e+08
15,30,40,1.043813e+08
15,30,50,1.043813e+08
15,30,60,1.043813e+08
15,30,70,1.043813e+08
15,30,80,1.043813e+08
15,30,90,1.043813e+08
15,30,100,1.043813e+08
15,30,1,5.427436e+08
15,30,2,5.427436e+08
15,30,3,5.427436e+08
15,30,5,5.427436e+08
15,30,10,5.427436e+08
15,30,20,2.299068e+08
15,30,30,2.299068e+08
15,30,40,2.299068e+08
15,30,50,2.299068e+08
15,30,60,2.299068e+08
15,30,70,2.299068e+08
15,30,80,2.299068e+08
15,30,90,2.299068e+08
15,30,100,2.299068e+08
15,30,1,1.779681e+09
15,30,2,1.389251e+09
15,30,3,1.363550e+09
15,30,5,8.600076e+08
15,30,10,8.600076e+08
15,30,20,8.600076e+08
15,30,30,7.251038e+08
15,30,40,4.322949e+08
15,30,50,4.322949e+08
15,30,60,4.322949e+08
15,30,70,1.711976e+08
15,30,80,1.711976e+08
15,30,90,1.711976e+08
15,30,100,1.711976e+08
15,30,1,1.352244e+09
15,30,2,9.798677e+08
15,30,3,9.798677e+08
15,30,5,9.798677e+08
15,30,10,3.463283e+08
15,30,20,3.463283e+08
15,30,30,3.463283e+08
15,30,40,3.463283e+08
15,30,50,3.463283e+08
15,30,60,3.463283e+08
15,30,70,1.747641e+08
15,30,80,1.747641e+08
15,30,90,1.747641e+08
15,30,100,1.747641e+08
15,30,1,1.509890e+09
15,30,2,8.586989e+08
15,30,3,8.586989e+08
15,30,5,8.586989e+08
15,30,10,8.089124e+08
15,30,20,3.845747e+08
15,30,30,3.237810e+08
15,30,40,3.237810e+08
15,30,50,3.237810e+08
15,30,60,3.237810e+08
15,30,70,3.237810e+08
15,30,80,3.237810e+08
15,30,90,3.237810e+08
15,30,100,3.237810e+08
15,30,1,3.005565e+08
15,30,2,2.728782e+08
15,30,3,1.073830e+08
15,30,5,9.055485e+07
15,30,10,9.055480e+07
15,30,20,9.055480e+07
15,30,30,9.055480e+07
15,30,40,5.602631e+07
15,30,50,5.315218e+07
15,30,60,5.315218e+07
15,30,70,5.315218e+07
15,30,80,5.315218e+07
15,30,90,5.315218e+07
15,30,100,5.315218e+07
15,30,1,1.115822e+08
15,30,2,1.044684e+08
15,30,3,1.044684e+08
15,30,5,6.836602e+07
15,30,10,6.836602e+07
15,30,20,6.836602e+07
15,30,30,6.836602e+07
15,30,40,4.753717e+07
15,30,50,4.753717e+07
15,30,60,4.753717e+07
15,30,70,4.753717e+07
15,30,80,2.326262e+07
15,30,90,2.326262e+07
15,30,100,2.326262e+07
15,30,1,1.947484e+08
15,30,2,1.633259e+08
15,30,3,1.198254e+08
15,30,5,1.198254e+08
15,30,10,1.198254e+08
15,30,20,1.116230e+08
15,30,30,5.089397e+07
15,30,40,2.060683e+07
15,30,50,2.060683e+07
15,30,60,2.060683e+07
15,30,70,2.060683e+07
15,30,80,2.060683e+07
15,30,90,2.060683e+07
15,30,100,2.060683e+07
15,30,1,1.399928e+08
15,30,2,1.165467e+08
15,30,3,1.165467e+08
15,30,5,1.165467e+08
15,30,10,1.165467e+08
15,30,20,1.165467e+08
15,30,30,5.968224e+07
15,30,40,5.968224e+07
15,30,50,5.968224e+07
15,30,60,3.293236e+07
15,30,70,3.293236e+07
15,30,80,3.293236e+07
15,30,90,3.293236e+07
15,30,100,3.293236e+07
15,30,1,6.915551e+07
15,30,2,6.915551e+07
15,30,3,6.915551e+07
15,30,5,6.915551e+07
15,30,10,6.915551e+07
15,30,20,6.915551e+07
15,30,30,3.069441e+07
15,30,40,3.069441e+07
15,30,50,3.069441e+07
15,30,60,3.069441e+07
15,30,70,3.069441e+07
15,30,80,3.069441e+07
15,30,90,3.069441e+07
15,30,100,3.069441e+07
15,30,1,3.450608e+08
15,30,2,1.385477e+08
15,30,3,1.024210e+08
15,30,5,1.024210e+08
15,30,10,1.024210e+08
15,30,20,1.976086e+07
15,30,30,1.976086e+07
15,30,40,1.976086e+07
15,30,50,1.976086e+07
15,30,60,1.976086e+07
15,30,70,1.976086e+07
15,30,80,1.976086e+07
15,30,90,1.976086e+07
15,30,100,1.976086e+07
15,30,1,1.295218e+08
15,30,2,1.295218e+08
15,30,3,1.103249e+08
15,30,5,9.785269e+07
15,30,10,9.785269e+07
15,30,20,5.530287e+07
15,30,30,5.530287e+07
15,30,40,5.513320e+07
15,30,50,5.513320e+07
15,30,60,1.883958e+07
15,30,70,1.883958e+07
15,30,80,1.883958e+07
15,30,90,1.883958e+07
15,30,100,1.883958e+07
15,30,1,1.215908e+08
15,30,2,8.588594e+07
15,30,3,8.588594e+07
15,30,5,8.588594e+07
15,30,10,8.588594e+07
15,30,20,3.957008e+07
15,30,30,3.957008e+07
15,30,40,3.957008e+07
15,30,50,3.957008e+07
15,30,60,3.957008e+07
15,30,70,3.405328e+07
15,30,80,3.405328e+07
15,30,90,3.405328e+07
15,30,100,3.405328e+07
15,30,1,4.001048e+08
15,30,2,6.952936e+07
15,30,3,6.952936e+07
15,30,5,6.952936e+07
15,30,10,6.952936e+07
15,30,20,6.952936e+07
15,30,30,3.755094e+07
15,30,40,3.755094e+07
15,30,50,3.755094e+07
15,30,60,3.755094e+07
15,30,70,3.755094e+07
15,30,80,4.968706e+06
15,30,90,4.968706e+06
15,30,100,4.968706e+06
15,30,1,2.037909e+08
15,30,2,1.759296e+08
15,30,3,1.759296e+08
15,30,5,1.759296e+08
15,30,10,1.759296e+08
15,30,20,2.234780e+07
15,30,30,2.234780e+07
15,30,40,2.223796e+07
15,30,50,2.223796e+07
15,30,60,2.223796e+07
15,30,70,2.223796e+07
15,30,80,2.223796e+07
15,30,90,2.223796e+07
15,30,100,2.223796e+07
15,30,1,8.487013e+08
15,30,2,8.486933e+08
15,30,3,2.446485e+08
15,30,5,2.446485e+08
15,30,10,1.830194e+08
15,30,20,1.830183e+08
15,30,30,1.830183e+08
15,30,40,1.830183e+08
15,30,50,1.830183e+08
15,30,60,2.205603e+07
15,30,70,2.205603e+07
15,30,80,2.205603e+07
15,30,90,2.205603e+07
15,30,100,2.205603e+07
15,30,1,1.727955e+08
15,30,2,3.794326e+07
15,30,3,2.686173e+07
15,30,5,2.685418e+07
15,30,10,2.685418e+07
15,30,20,2.685418e+07
15,30,30,2.685418e+07
15,30,40,2.685418e+07
15,30,50,2.685418e+07
15,30,60,2.685418e+07
15,30,70,2.685418e+07
15,30,80,2.685418e+07
15,30,90,2.685418e+07
15,30,100,2.685418e+07
15,30,1,3.166687e+08
15,30,2,3.166687e+08
15,30,3,3.166687e+08
15,30,5,3.166687e+08
15,30,10,2.110745e+08
15,30,20,9.381080e+07
15,30,30,9.381080e+07
15,30,40,9.381080e+07
15,30,50,9.381080e+07
15,30,60,9.381080e+07
15,30,70,9.381080e+07
15,30,80,9.381080e+07
15,30,90,9.381080e+07
15,30,100,9.381080e+07
15,30,1,1.031722e+09
15,30,2,1.031722e+09
15,30,3,2.642975e+08
15,30,5,2.642975e+08
15,30,10,2.299057e+08
15,30,20,1.283508e+08
15,30,30,1.283508e+08
15,30,40,1.283508e+08
15,30,50,1.244763e+08
15,30,60,1.244763e+08
15,30,70,1.244763e+08
15,30,80,1.244763e+08
15,30,90,1.244763e+08
15,30,100,1.054971e+08
15,30,1,2.403623e+08
15,30,2,2.403623e+08
15,30,3,2.403623e+08
15,30,5,2.403623e+08
15,30,10,2.403623e+08
15,30,20,2.403623e+08
15,30,30,1.850042e+08
15,30,40,1.015087e+08
15,30,50,1.015087e+08
15,30,60,1.015087e+08
15,30,70,1.015087e+08
15,30,80,1.015087e+08
15,30,90,1.015087e+08
15,30,100,1.015087e+08
15,30,1,6.625804e+08
15,30,2,6.625804e+08
15,30,3,6.625804e+08
15,30,5,5.966492e+08
15,30,10,3.208228e+08
15,30,20,3.208228e+08
15,30,30,3.208228e+08
15,30,40,2.240770e+08
15,30,50,2.240770e+08
15,30,60,2.240770e+08
15,30,70,1.460985e+08
15,30,80,1.375858e+08
15,30,90,1.375858e+08
15,30,100,1.040857e+08
15,30,1,1.550062e+09
15,30,2,1.062452e+09
15,30,3,1.062452e+09
15,30,5,1.062452e+09
15,30,10,6.296720e+08
15,30,20,2.652549e+08
15,30,30,1.002652e+08
15,30,40,1.002652e+08
15,30,50,5.751765e+07
15,30,60,5.751765e+07
15,30,70,5.751765e+07
15,30,80,5.751765e+07
15,30,90,5.751765e+07
15,30,100,5.751765e+07
15,30,1,3.380361e+08
15,30,2,3.380361e+08
15,30,3,3.380361e+08
15,30,5,3.282929e+08
15,30,10,2.804441e+08
15,30,20,2.804441e+08
15,30,30,2.263301e+08
15,30,40,4.909580e+07
15,30,50,4.909580e+07
15,30,60,4.909580e+07
15,30,70,4.909580e+07
15,30,80,4.909580e+07
15,30,90,4.909580e+07
15,30,100,4.909580e+07
15,30,1,8.104367e+08
15,30,2,2.961213e+08
15,30,3,2.852704e+08
15,30,5,2.852678e+08
15,30,10,2.448377e+08
15,30,20,1.466724e+08
15,30,30,1.157651e+08
15,30,40,9.457722e+07
15,30,50,9.457722e+07
15,30,60,9.457722e+07
15,30,70,9.457722e+07
15,30,80,9.457722e+07
15,30,90,3.326683e+07
15,30,100,3.326683e+07
15,30,1,5.126672e+08
15,30,2,5.126672e+08
15,30,3,5.126672e+08
15,30,5,5.126672e+08
15,30,10,2.478752e+08
15,30,20,2.286168e+08
15,30,30,1.939948e+08
15,30,40,1.939948e+08
15,30,50,1.939948e+08
15,30,60,1.939948e+08
15,30,70,1.114659e+08
15,30,80,1.114659e+08
15,30,90,1.114659e+08
15,30,100,1.090103e+08
