funcid,dim,milestone,error
2,30,1,5.325532e+38
2,30,2,5.325532e+38
2,30,3,5.325532e+38
2,30,5,5.325532e+38
2,30,10,5.325532e+38
2,30,20,5.325532e+38
2,30,30,5.325532e+38
2,30,40,5.325532e+38
2,30,50,5.325532e+38
2,30,60,5.325532e+38
2,30,70,5.325532e+38
2,30,80,5.325532e+38
2,30,90,5.325532e+38
2,30,100,5.325532e+38
2,30,1,1.454273e+40
2,30,2,1.454273e+40
2,30,3,1.054667e+40
2,30,5,1.054667e+40
2,30,10,1.054667e+40
2,30,20,1.083737e+39
2,30,30,1.083737e+39
2,30,40,1.349694e+38
2,30,50,1.349694e+38
2,30,60,1.349694e+38
2,30,70,1.349694e+38
2,30,80,1.349694e+38
2,30,90,1.349694e+38
2,30,100,1.349694e+38
2,30,1,1.404748e+40
2,30,2,1.404748e+40
2,30,3,1.404748e+40
2,30,5,1.404748e+40
2,30,10,1.889728e+39
2,30,20,1.889728e+39
2,30,30,1.889728e+39
2,30,40,1.889728e+39
2,30,50,1.889728e+39
2,30,60,1.889728e+39
2,30,70,1.889728e+39
2,30,80,3.193382e+38
2,30,90,3.193382e+38
2,30,100,3.193382e+38
2,30,1,2.640270e+35
2,30,2,2.640270e+35
2,30,3,2.640270e+35
2,30,5,2.640270e+35
2,30,10,2.640270e+35
2,30,20,2.640270e+35
2,30,30,2.640270e+35
2,30,40,2.640270e+35
2,30,50,2.640270e+35
2,30,60,2.640270e+35
2,30,70,2.640270e+35
2,30,80,2.640270e+35
2,30,90,2.640270e+35
2,30,100,2.640270e+35
2,30,1,3.127082e+39
2,30,2,3.127082e+39
2,30,3,3.127082e+39
2,30,5,3.127082e+39
2,30,10,3.127082e+39
2,30,20,1.195756e+39
2,30,30,1.195756e+39
2,30,40,1.195756e+39
2,30,50,9.226312e+38
2,30,60,9.226312e+38
2,30,70,9.226312e+38
2,30,80,2.101955e+37
2,30,90,2.101955e+37
2,30,100,2.101955e+37
2,30,1,4.897549e+38
2,30,2,4.897549e+38
2,30,3,4.897549e+38
2,30,5,4.897549e+38
2,30,10,4.897549e+38
2,30,20,3.230195e+38
2,30,30,3.230195e+38
2,30,40,3.230195e+38
2,30,50,3.230195e+38
2,30,60,3.230195e+38
2,30,70,3.230195e+38
2,30,80,3.230195e+38
2,30,90,3.230195e+38
2,30,100,3.230195e+38
2,30,1,7.413334e+41
2,30,2,1.621089e+41
2,30,3,8.146861e+40
2,30,5,8.146861e+40
2,30,10,8.146861e+40
2,30,20,8.917232e+39
2,30,30,8.917232e+39
2,30,40,8.917232e+39
2,30,50,8.917232e+39
2,30,60,8.917232e+39
2,30,70,2.745560e+39
2,30,80,2.028402e+39
2,30,90,2.028402e+39
2,30,100,2.028402e+39
2,30,1,1.259885e+42
2,30,2,1.848281e+41
2,30,3,1.848281e+41
2,30,5,6.130107e+37
2,30,10,6.130107e+37
2,30,20,6.130107e+37
2,30,30,6.130107e+37
2,30,40,6.130107e+37
2,30,50,6.130107e+37
2,30,60,6.130107e+37
2,30,70,6.130107e+37
2,30,80,6.130107e+37
2,30,90,6.130107e+37
2,30,100,6.130107e+37
2,30,1,5.469316e+41
2,30,2,5.469316e+41
2,30,3,2.757704e+40
2,30,5,6.085114e+39
2,30,10,2.953487e+37
2,30,20,2.953487e+37
2,30,30,2.953487e+37
2,30,40,1.168432e+34
2,30,50,1.168432e+34
2,30,60,1.168432e+34
2,30,70,1.168432e+34
2,30,80,1.168432e+34
2,30,90,1.168432e+34
2,30,100,1.168432e+34
2,30,1,8.158627e+39
2,30,2,8.158627e+39
2,30,3,8.158627e+39
2,30,5,4.158176e+38
2,30,10,1.187340e+38
2,30,20,1.187340e+38
2,30,30,1.187340e+38
2,30,40,1.187340e+38
2,30,50,1.187340e+38
2,30,60,1.187340e+38
2,30,70,1.187340e+38
2,30,80,1.187340e+38
2,30,90,1.187340e+38
2,30,100,1.187340e+38
2,30,1,6.415952e+24
2,30,2,6.415952e+24
2,30,3,6.415952e+24
2,30,5,6.415952e+24
2,30,10,6.415952e+24
2,30,20,6.415952e+24
2,30,30,6.415952e+24
2,30,40,3.424924e+24
2,30,50,3.424924e+24
2,30,60,3.424924e+24
2,30,70,3.424924e+24
2,30,80,2.001124e+24
2,30,90,2.001124e+24
2,30,100,1.586343e+24
2,30,1,2.739105e+26
2,30,2,2.739105e+26
2,30,3,5.935092e+25
2,30,5,5.935092e+25
2,30,10,5.935092e+25
2,30,20,4.892257e+25
2,30,30,4.892257e+25
2,30,40,4.892257e+25
2,30,50,4.892257e+25
2,30,60,4.892257e+25
2,30,70,8.994044e+22
2,30,80,8.994044e+22
2,30,90,8.994044e+22
2,30,100,8.994044e+22
2,30,1,1.069851e+26
2,30,2,1.069851e+26
2,30,3,1.069851e+26
2,30,5,1.069851e+26
2,30,10,1.069851e+26
2,30,20,1.069851e+26
2,30,30,1.311169e+25
2,30,40,9.726343e+24
2,30,50,9.726343e+24
2,30,60,9.726343e+24
2,30,70,9.726343e+24
2,30,80,1.194109e+21
2,30,90,1.194109e+21
2,30,100,1.194109e+21
2,30,1,2.294874e+26
2,30,2,5.307232e+25
2,30,3,5.307232e+25
2,30,5,5.307232e+25
2,30,10,5.307232e+25
2,30,20,1.270371e+25
2,30,30,1.270371e+25
2,30,40,1.270371e+25
2,30,50,1.270371e+25
2,30,60,1.270371e+25
2,30,70,5.916108e+24
2,30,80,5.916108e+24
2,30,90,5.916108e+24
2,30,100,3.577996e+23
2,30,1,1.054170e+28
2,30,2,2.309886e+27
2,30,3,2.304722e+26
2,30,5,2.304722e+26
2,30,10,2.304722e+26
2,30,20,2.304722e+26
2,30,30,3.473061e+24
2,30,40,3.473061e+24
2,30,50,3.473061e+24
2,30,60,1.014164e+24
2,30,70,1.388934e+23
2,30,80,1.388934e+23
2,30,90,1.388934e+23
2,30,100,1.388934e+23
2,30,1,2.786532e+28
2,30,2,3.509416e+26
2,30,3,3.509416e+26
2,30,5,3.509416e+26
2,30,10,3.509416e+26
2,30,20,3.509416e+26
2,30,30,3.509416e+26
2,30,40,5.376114e+23
2,30,50,5.376114e+23
2,30,60,2.757831e+23
2,30,70,2.757831e+23
2,30,80,2.757831e+23
2,30,90,2.757831e+23
2,30,100,2.757831e+23
2,30,1,4.325094e+27
2,30,2,4.325094e+27
2,30,3,7.618704e+23
2,30,5,7.618704e+23
2,30,10,7.618704e+23
2,30,20,7.618704e+23
2,30,30,7.618704e+23
2,30,40,7.618704e+23
2,30,50,7.618704e+23
2,30,60,7.517364e+21
2,30,70,7.517364e+21
2,30,80,7.517364e+21
2,30,90,7.517364e+21
2,30,100,7.517364e+21
2,30,1,1.264058e+24
2,30,2,6.744729e+23
2,30,3,6.744729e+23
2,30,5,6.744729e+23
2,30,10,6.744729e+23
2,30,20,6.744729e+23
2,30,30,6.744729e+23
2,30,40,6.744729e+23
2,30,50,6.744729e+23
2,30,60,9.968258e+21
2,30,70,9.968258e+21
2,30,80,9.968258e+21
2,30,90,9.968258e+21
2,30,100,9.968258e+21
2,30,1,1.940516e+21
2,30,2,1.940516e+21
2,30,3,1.940516e+21
2,30,5,1.940516e+21
2,30,10,1.940516e+21
2,30,20,1.940516e+21
2,30,30,1.940516e+21
2,30,40,1.940516e+21
2,30,50,1.940516e+21
2,30,60,1.940516e+21
2,30,70,1.940516e+21
2,30,80,1.940516e+21
2,30,90,1.940516e+21
2,30,100,1.940516e+21
2,30,1,2.510330e+27
2,30,2,1.845222e+27
2,30,3,1.592193e+24
2,30,5,1.592193e+24
2,30,10,1.592193e+24
2,30,20,1.645651e+23
2,30,30,1.645651e+23
2,30,40,1.645651e+23
2,30,50,1.645651e+23
2,30,60,1.645651e+23
2,30,70,1.645651e+23
2,30,80,1.645651e+23
2,30,90,1.645651e+23
2,30,100,1.645651e+23
2,30,1,4.080421e+35
2,30,2,1.013106e+35
2,30,3,8.540351e+33
2,30,5,8.540351e+33
2,30,10,8.540351e+33
2,30,20,1.923496e+30
2,30,30,1.923496e+30
2,30,40,1.923496e+30
2,30,50,1.923496e+30
2,30,60,1.923496e+30
2,30,70,1.923496e+30
2,30,80,1.923496e+30
2,30,90,1.923496e+30
2,30,100,1.163807e+28
2,30,1,6.160987e+37
2,30,2,8.832345e+36
2,30,3,5.689417e+35
2,30,5,5.689417e+35
2,30,10,8.162972e+34
2,30,20,6.164392e+33
2,30,30,2.379712e+31
2,30,40,2.213766e+31
2,30,50,2.213766e+31
2,30,60,2.213766e+31
2,30,70,2.213766e+31
2,30,80,2.026291e+30
2,30,90,2.026291e+30
2,30,100,2.026291e+30
2,30,1,1.391687e+35
2,30,2,1.391687e+35
2,30,3,1.391687e+35
2,30,5,3.515917e+34
2,30,10,9.055736e+33
2,30,20,2.922304e+33
2,30,30,1.038310e+32
2,30,40,5.858367e+31
2,30,50,5.858367e+31
2,30,60,5.393585e+30
2,30,70,7.291118e+28
2,30,80,7.291118e+28
2,30,90,7.291118e+28
2,30,100,7.291118e+28
2,30,1,5.398129e+34
2,30,2,3.613614e+34
2,30,3,3.613614e+34
2,30,5,3.613614e+34
2,30,10,6.733058e+33
2,30,20,1.857536e+32
2,30,30,1.857536e+32
2,30,40,1.434590e+28
2,30,50,1.434590e+28
2,30,60,1.434590e+28
2,30,70,1.434590e+28
2,30,80,1.434590e+28
2,30,90,1.434590e+28
2,30,100,1.434590e+28
2,30,1,3.113814e+34
2,30,2,3.113814e+34
2,30,3,3.082084e+34
2,30,5,1.622717e+33
2,30,10,1.622717e+33
2,30,20,1.159475e+33
2,30,30,3.062287e+31
2,30,40,3.062287e+31
2,30,50,6.048319e+29
2,30,60,6.048319e+29
2,30,70,6.048319e+29
2,30,80,6.048319e+29
2,30,90,4.044829e+29
2,30,100,1.688582e+29
2,30,1,3.393621e+37
2,30,2,9.420094e+33
2,30,3,9.420094e+33
2,30,5,9.420094e+33
2,30,10,1.680893e+30
2,30,20,1.680893e+30
2,30,30,1.680893e+30
2,30,40,1.680893e+30
2,30,50,6.019777e+28
2,30,60,6.019777e+28
2,30,70,6.019777e+28
2,30,80,6.019777e+28
2,30,90,6.019777e+28
2,30,100,6.019777e+28
2,30,1,3.996487e+36
2,30,2,2.802425e+36
2,30,3,2.802425e+36
2,30,5,2.802425e+36
2,30,10,2.137272e+28
2,30,20,2.137272e+28
2,30,30,2.137272e+28
2,30,40,2.137272e+28
2,30,50,2.137272e+28
2,30,60,2.137272e+28
2,30,70,2.137272e+28
2,30,80,2.137272e+28
2,30,90,2.137272e+28
2,30,100,2.137272e+28
2,30,1,8.623246e+35
2,30,2,3.482888e+32
2,30,3,3.482888e+32
2,30,5,3.482888e+32
2,30,10,3.482888e+32
2,30,20,3.482888e+32
2,30,30,3.482888e+32
2,30,40,3.482888e+32
2,30,50,1.557020e+30
2,30,60,1.557020e+30
2,30,70,1.557020e+30
2,30,80,1.951931e+29
2,30,90,1.951931e+29
2,30,100,1.951931e+29
2,30,1,1.248652e+38
2,30,2,1.339269e+35
2,30,3,1.339269e+35
2,30,5,1.339269e+35
2,30,10,1.339269e+35
2,30,20,2.243259e+33
2,30,30,4.066755e+31
2,30,40,4.066755e+31
2,30,50,4.066755e+31
2,30,60,4.066755e+31
2,30,70,8.820595e+28
2,30,80,8.820595e+28
2,30,90,8.820595e+28
2,30,100,8.820595e+28
2,30,1,3.331328e+36
2,30,2,3.302394e+36
2,30,3,6.375451e+35
2,30,5,6.375451e+35
2,30,10,1.083646e+34
2,30,20,1.181533e+33
2,30,30,1.035122e+31
2,30,40,5.869679e+30
2,30,50,5.869679e+30
2,30,60,7.697166e+29
2,30,70,7.697166e+29
2,30,80,1.090184e+29
2,30,90,1.090184e+29
2,30,100,1.090184e+29
